000006
000027
000040
000061
000407
000517
000552
000557
000558
000561
000573
000593
000608
000695
000720
000732
000795
000875
000883
000897
000918
000969
001213
002010
002015
002033
002034
002037
002062
002131
002202
002208
002215
002276
002295
002302
002305
002307
002318
002335
002360
002376
002395
002428
002437
002447
002451
002469
002500
002510
002542
002554
002566
002616
002667
002681
002685
002713
002776
002848
002887
002925
002973
003042
300021
300026
300084
300093
300116
300117
300211
300235
300304
300305
300320
300337
300376
300400
300491
300527
300671
300682
300702
300876
300889
300952
300989
301090
600010
600020
600033
600094
600099
600106
600125
600135
600156
600159
600168
600199
600248
600266
600327
600333
600340
600366
600368
600397
600502
600508
600509
600512
600522
600526
600558
600565
600569
600583
600604
600624
600635
600642
600651
600657
600668
600676
600704
600719
600736
600743
600791
600792
600810
600821
600869
600875
600971
600990
601020
601198
601518
601588
601607
601608
601789
601800
601827
601918
601968
601992
603015
603188
603228
603319
603366
603618
603636
603686
603689
603815
603966
605028
605122
688080
688101
688187
688358
688511
688555
688681
688707
