000001
000002
000007
000009
000012
000030
000035
000045
000055
000058
000061
000063
000065
000078
000338
000403
000404
000423
000502
000503
000513
000518
000521
000529
000537
000539
000545
000546
000548
000561
000572
000586
000587
000590
000598
000600
000605
000607
000611
000626
000650
000677
000679
000687
000690
000702
000703
000715
000723
000727
000792
000793
000798
000802
000825
000826
000833
000862
000895
000910
000915
000919
000921
000936
000950
000953
000955
000970
000973
000977
000989
000995
001219
001872
001914
002003
002014
002020
002029
002032
002037
002038
002040
002061
002078
002080
002083
002085
002087
002097
002118
002126
002128
002136
002152
002177
002183
002186
002187
002193
002199
002204
002214
002215
002223
002224
002233
002237
002240
002254
002258
002265
002268
002273
002287
002288
002297
002299
002304
002309
002318
002326
002334
002343
002344
002352
002353
002354
002362
002372
002383
002385
002391
002395
002404
002407
002408
002424
002429
002432
002438
002444
002447
002459
002462
002466
002478
002485
002486
002488
002496
002497
002508
002516
002526
002546
002552
002553
002557
002561
002563
002580
002582
002583
002586
002589
002605
002615
002619
002629
002634
002640
002645
002654
002684
002687
002688
002694
002700
002701
002709
002715
002724
002732
002733
002737
002740
002743
002750
002755
002756
002763
002765
002773
002781
002790
002791
002796
002798
002810
002812
002819
002821
002826
002837
002839
002841
002853
002864
002869
002872
002875
002878
002880
002884
002887
002891
002893
002903
002918
002938
002953
002960
002967
002973
002979
002982
002987
002988
002999
003000
003020
003026
003038
300004
300005
300014
300049
300051
300052
300055
300057
300067
300073
300079
300081
300083
300091
300093
300111
300122
300130
300136
300137
300148
300151
300152
300154
300161
300170
300171
300181
300185
300190
300193
300195
300196
300214
300217
300218
300219
300220
300226
300240
300244
300249
300264
300269
300274
300279
300285
300298
300305
300311
300322
300325
300332
300337
300343
300345
300353
300360
300366
300369
300374
300375
300377
300383
300388
300391
300401
300409
300414
300429
300439
300454
300464
300478
300485
300489
300497
300507
300509
300514
300519
300521
300523
300530
300539
300542
300545
300552
300578
300579
300589
300618
300630
300639
300657
300667
300692
300694
300705
300740
300743
300747
300751
300757
300759
300761
300763
300768
300772
300774
300795
300796
300806
300808
300815
300819
300820
300833
300841
300842
300861
300864
300871
300883
300888
300891
300892
300903
300927
300931
300953
300967
300971
300977
300982
300985
300998
301019
301046
301061
301063
301065
301066
301072
301129
600008
600016
600026
600056
600073
600075
600079
600093
600097
600101
600108
600113
600115
600116
600129
600145
600146
600153
600158
600161
600166
600168
600173
600177
600185
600191
600196
600197
600207
600211
600222
600227
600239
600241
600242
600246
600249
600252
600257
600272
600278
600282
600290
600291
600299
600311
600320
600326
600332
600352
600365
600378
600380
600388
600389
600390
600403
600422
600460
600461
600475
600477
600479
600481
600483
600488
600490
600496
600500
600508
600511
600513
600520
600522
600523
600528
600529
600537
600539
600547
600566
600567
600573
600580
600581
600582
600594
600610
600611
600612
600613
600630
600640
600644
600650
600652
600655
600681
600694
600713
600737
600750
600754
600761
600763
600766
600774
600777
600779
600780
600781
600783
600785
600790
600809
600816
600828
600843
600847
600865
600867
600874
600877
600883
600885
600887
600901
600926
600929
600955
600962
600965
600976
600979
600987
600996
601002
601008
601009
601058
601069
601088
601111
601126
601177
601186
601200
601225
601228
601326
601368
601601
601633
601668
601669
601677
601689
601702
601717
601801
601825
601882
601888
601908
601933
601939
601991
603000
603001
603010
603033
603040
603042
603067
603069
603083
603086
603090
603095
603098
603100
603109
603110
603111
603112
603116
603118
603127
603131
603133
603156
603166
603167
603179
603185
603187
603197
603212
603233
603260
603286
603290
603326
603356
603359
603363
603369
603383
603387
603392
603399
603429
603439
603456
603489
603507
603508
603538
603551
603555
603590
603595
603600
603602
603605
603611
603618
603628
603662
603681
603685
603693
603699
603706
603725
603759
603822
603825
603826
603829
603848
603863
603866
603867
603916
603938
603939
603970
603976
603978
603980
603983
603988
603991
603995
603996
605016
605060
605080
605090
605116
605117
605179
605183
605259
605299
605338
605388
605499
605555
688001
688006
688009
688016
688023
688027
688028
688033
688039
688056
688057
688069
688071
688091
688093
688098
688101
688111
688117
688121
688129
688131
688136
688186
688188
688196
688202
688211
688222
688226
688235
688256
688260
688266
688280
688289
688305
688318
688328
688360
688378
688379
688393
688395
688488
688508
688513
688518
688528
688538
688553
688555
688556
688561
688566
688568
688585
688599
688618
688626
688662
688676
688683
688686
688711
688722
688739
688787
688788
688799
688800
688819
