000007
000012
000048
000061
000063
000068
000089
000150
000153
000338
000400
000403
000407
000409
000420
000498
000509
000525
000534
000537
000561
000564
000598
000613
000619
000631
000636
000651
000663
000682
000702
000713
000729
000756
000782
000792
000816
000819
000888
000902
000913
000915
000967
000978
000989
000990
001215
001872
001979
002003
002006
002009
002011
002025
002050
002054
002069
002073
002085
002088
002098
002104
002110
002120
002126
002129
002162
002163
002170
002179
002186
002206
002209
002215
002223
002233
002237
002242
002244
002250
002266
002271
002303
002323
002345
002356
002358
002372
002374
002380
002403
002422
002440
002447
002449
002459
002468
002478
002532
002563
002583
002590
002591
002633
002651
002653
002665
002667
002678
002699
002702
002742
002745
002755
002761
002780
002791
002803
002811
002818
002820
002829
002837
002840
002846
002850
002852
002853
002867
002875
002890
002911
002915
002919
002920
002926
002928
002931
002968
002977
002984
002989
002991
003004
003021
003023
003030
003043
300004
300036
300041
300050
300051
300058
300066
300075
300130
300132
300142
300143
300152
300184
300238
300256
300258
300259
300266
300285
300288
300331
300335
300339
300357
300363
300370
300382
300384
300396
300401
300416
300425
300435
300439
300448
300458
300463
300482
300492
300509
300552
300558
300562
300581
300584
300585
300587
300596
300616
300617
300624
300638
300653
300674
300679
300682
300697
300710
300715
300726
300737
300752
300753
300755
300761
300770
300772
300801
300838
300842
300850
300859
300861
300866
300877
300892
300894
300906
300911
300925
300937
300943
300953
300970
300979
300984
301017
301033
301035
301051
301075
301111
600004
600012
600025
600027
600036
600037
600048
600057
600070
600076
600115
600136
600139
600165
600168
600206
600218
600221
600258
600262
600268
600278
600285
600300
600306
600328
600365
600371
600372
600378
600398
600400
600444
600449
600452
600475
600486
600521
600548
600582
600587
600615
600624
600635
600654
600690
600693
600696
600705
600720
600732
600737
600739
600741
600745
600763
600765
600767
600770
600781
600782
600790
600816
600835
600855
600866
600874
600875
600885
600894
600901
600929
600956
600966
600984
600990
601001
601007
601009
601021
601126
601137
601139
601166
601169
601186
601200
601216
601229
601311
601333
601390
601399
601515
601616
601668
601669
601799
601816
601838
601877
601988
603002
603031
603055
603058
603068
603080
603087
603098
603103
603105
603118
603136
603156
603157
603169
603181
603183
603185
603199
603213
603225
603233
603238
603290
603300
603303
603306
603317
603321
603328
603369
603388
603393
603398
603408
603477
603488
603557
603579
603587
603601
603610
603633
603638
603658
603666
603706
603712
603730
603768
603806
603826
603833
603848
603859
603969
603990
603992
603996
605003
605033
605090
605167
605168
605179
605289
605300
605305
605338
605368
688002
688006
688019
688029
688030
688050
688070
688080
688100
688106
688138
688179
688186
688196
688202
688222
688300
688312
688330
688339
688356
688363
688365
688367
688501
688508
688519
688553
688569
688589
688599
688611
688658
688676
688683
688687
688718
688776
688787
688793
