000409
000513
000524
000532
000545
000560
000700
000711
000713
000721
000737
000901
000908
000967
000973
002008
002036
002107
002167
002180
002212
002229
002236
002248
002269
002284
002364
002373
002388
002393
002412
002426
002474
002483
002534
002574
002589
002622
002628
002755
002787
002802
002808
002809
002820
002861
002899
002908
002910
002933
002971
002975
002977
002990
002996
003015
003030
003036
300039
300046
300053
300075
300078
300092
300111
300154
300163
300164
300167
300168
300171
300239
300246
300270
300306
300346
300381
300436
300511
300526
300541
300551
300593
300601
300635
300637
300643
300659
300666
300692
300697
300700
300711
300796
300811
300813
300819
300833
300838
300841
300865
300867
300868
300878
300885
300897
300901
301033
301081
301083
301088
301089
301099
600038
600070
600107
600119
600137
600150
600213
600227
600250
600278
600316
600321
600330
600343
600359
600380
600419
600503
600520
600540
600563
600576
600605
600702
600767
600770
600794
600844
600866
600993
601567
601595
601877
603079
603321
603439
603579
603586
603679
603738
603777
603803
603887
603955
603998
605001
605077
605086
605136
605138
605177
605188
605358
605555
605567
688039
688067
688079
688082
688091
688095
688096
688106
688118
688129
688133
688158
688177
688216
688278
688300
688309
688311
688313
688314
688508
688513
688633
688659
688722
688772
688788
