000012
000027
000040
000045
000056
000060
000065
000069
000070
000099
000402
000403
000417
000421
000426
000429
000501
000504
000510
000514
000520
000526
000534
000554
000560
000561
000573
000591
000596
000600
000601
000615
000636
000650
000651
000656
000676
000686
000690
000713
000721
000725
000738
000767
000768
000777
000825
000848
000851
000859
000862
000863
000869
000875
000882
000886
000887
000897
000899
000901
000906
000911
000920
000929
000963
000966
000981
000993
001207
001213
001965
002015
002023
002026
002033
002034
002035
002051
002055
002058
002072
002074
002077
002084
002092
002093
002094
002121
002129
002138
002163
002180
002182
002196
002202
002207
002222
002223
002240
002242
002252
002262
002263
002267
002289
002293
002299
002300
002310
002314
002318
002320
002324
002326
002332
002355
002360
002370
002371
002372
002373
002386
002389
002392
002402
002414
002419
002448
002459
002466
002490
002492
002495
002497
002513
002514
002515
002519
002527
002529
002531
002532
002542
002557
002571
002575
002585
002593
002621
002631
002635
002646
002656
002686
002688
002689
002691
002697
002698
002702
002729
002732
002738
002747
002786
002791
002798
002802
002821
002828
002832
002836
002840
002869
002899
002916
002931
002936
002942
002945
002947
002948
002949
002963
003009
300003
300008
300013
300053
300057
300059
300061
300062
300071
300075
300077
300080
300087
300091
300114
300117
300121
300123
300125
300126
300129
300130
300151
300153
300168
300188
300202
300203
300227
300236
300240
300246
300247
300252
300274
300278
300284
300286
300298
300302
300316
300330
300344
300346
300347
300354
300357
300381
300388
300390
300395
300399
300406
300407
300408
300413
300414
300420
300423
300438
300441
300443
300453
300465
300520
300521
300529
300530
300532
300545
300546
300551
300554
300555
300557
300558
300564
300568
300581
300583
300587
300589
300590
300620
300622
300628
300666
300679
300682
300693
300709
300712
300747
300751
300812
300816
300829
300832
300871
300872
300894
300896
300906
300911
300963
300969
300977
300993
300999
301039
301071
301080
301129
600007
600009
600011
600023
600027
600033
600038
600048
600059
600090
600100
600115
600117
600121
600123
600135
600137
600145
600149
600156
600158
600170
600171
600183
600184
600202
600213
600217
600226
600231
600232
600234
600251
600255
600257
600261
600275
600292
600298
600301
600305
600316
600340
600343
600350
600353
600354
600360
600368
600381
600383
600385
600391
600395
600396
600397
600399
600403
600416
600419
600428
600429
600438
600448
600452
600477
600499
600501
600502
600505
600548
600551
600552
600558
600559
600570
600578
600586
600587
600594
600597
600598
600610
600639
600644
600660
600674
600676
600683
600689
600699
600702
600703
600710
600711
600714
600735
600744
600745
600749
600753
600766
600773
600791
600792
600794
600795
600798
600803
600810
600819
600821
600845
600853
600855
600868
600869
600872
600875
600877
600879
600885
600887
600890
600893
600926
600962
600970
600979
600982
600985
600997
601012
601016
601088
601101
601106
601126
601137
601179
601225
601226
601336
601512
601555
601567
601577
601579
601598
601615
601619
601698
601699
601727
601798
601816
601866
601878
601881
601916
601958
601965
601966
601975
601985
601991
603010
603026
603043
603055
603077
603079
603090
603099
603100
603126
603127
603139
603155
603158
603166
603167
603169
603183
603185
603198
603219
603233
603239
603260
603339
603345
603369
603408
603505
603533
603605
603619
603630
603650
603656
603660
603665
603669
603677
603686
603689
603700
603727
603730
603801
603856
603876
603877
603883
603908
603919
603960
603967
603979
605007
605008
605088
605090
605098
605168
605266
605318
605555
605580
688009
688025
688037
688058
688066
688087
688099
688105
688111
688133
688157
688189
688198
688200
688211
688239
688299
688310
688311
688323
688355
688357
688385
688521
688526
688551
688560
688607
688656
688667
688677
688680
688685
688686
688700
688711
688728
688772
688798
688981
