000026
000048
000089
000151
000301
000420
000513
000521
000571
000576
000597
000639
000686
000702
000711
000726
000735
000738
000789
000798
000809
000837
000887
000897
000910
000912
000915
000917
000918
000928
000935
000965
000987
001965
002021
002048
002069
002074
002078
002081
002095
002136
002138
002149
002165
002202
002230
002234
002254
002276
002289
002301
002302
002326
002330
002343
002349
002371
002383
002400
002406
002458
002463
002465
002480
002481
002496
002521
002539
002565
002585
002592
002600
002615
002681
002702
002719
002736
002771
002796
002824
002833
002837
002863
002866
002867
002876
002883
002884
002887
002921
002931
002936
002947
002956
002960
002966
002968
002982
002985
002993
003003
300012
300020
300027
300038
300040
300075
300082
300093
300119
300121
300154
300159
300200
300212
300232
300290
300292
300309
300330
300346
300375
300391
300402
300432
300443
300445
300466
300484
300505
300507
300508
300530
300549
300568
300580
300581
300597
300634
300654
300667
300679
300717
300719
300737
300761
300783
300788
300791
300854
300908
300916
300923
300930
300948
300979
301002
301039
301040
301049
301058
301068
301069
301071
600000
600055
600064
600088
600100
600104
600112
600135
600138
600167
600190
600266
600313
600340
600343
600399
600410
600415
600425
600475
600476
600548
600560
600577
600586
600588
600593
600596
600602
600621
600641
600676
600698
600703
600718
600728
600732
600742
600749
600754
600770
600774
600822
600826
600851
600855
600861
600874
600880
600882
600908
600963
600975
601019
601326
601615
601689
601838
601881
601882
601949
601956
601989
603009
603010
603022
603063
603099
603121
603128
603156
603178
603185
603189
603192
603238
603256
603260
603283
603290
603320
603322
603328
603332
603357
603383
603486
603538
603580
603595
603609
603688
603697
603711
603755
603779
603790
603803
603833
603876
603889
603898
603912
603917
603933
603977
603978
603988
605123
605136
605180
605365
605376
605567
688010
688022
688038
688056
688086
688091
688118
688122
688156
688181
688200
688276
688317
688360
688363
688369
688466
688516
688569
688571
688611
688655
688659
688668
688687
688772
