000012
000025
000026
000034
000035
000040
000045
000070
000159
000301
000338
000410
000498
000504
000507
000519
000525
000528
000545
000552
000559
000572
000592
000605
000616
000622
000626
000659
000668
000671
000676
000695
000697
000698
000700
000708
000733
000739
000761
000802
000803
000807
000809
000820
000825
000826
000852
000875
000883
000885
000932
000951
000953
000959
000960
000973
000975
001209
001696
002001
002006
002016
002031
002045
002047
002049
002053
002054
002074
002076
002085
002095
002102
002103
002129
002130
002134
002158
002188
002199
002211
002238
002240
002245
002249
002253
002255
002258
002266
002268
002273
002276
002293
002296
002302
002308
002312
002313
002315
002325
002330
002348
002360
002366
002370
002399
002407
002417
002418
002422
002428
002431
002437
002447
002460
002463
002466
002478
002481
002505
002510
002522
002528
002532
002533
002535
002536
002539
002545
002571
002573
002577
002585
002588
002590
002591
002594
002595
002597
002609
002636
002652
002666
002674
002685
002686
002715
002721
002742
002755
002756
002758
002769
002780
002781
002785
002787
002790
002800
002809
002816
002821
002827
002829
002849
002858
002862
002863
002875
002881
002884
002889
002898
002899
002903
002912
002962
002967
002968
002971
002978
002982
002999
003004
003009
003010
003016
003023
003025
003036
300002
300005
300023
300026
300034
300038
300053
300067
300070
300073
300074
300079
300088
300118
300119
300126
300129
300133
300134
300137
300150
300163
300169
300182
300188
300196
300257
300267
300282
300305
300307
300310
300327
300329
300336
300351
300366
300376
300379
300387
300395
300408
300428
300451
300460
300471
300476
300490
300491
300498
300499
300523
300525
300526
300533
300535
300547
300548
300550
300552
300554
300557
300567
300603
300604
300612
300622
300624
300635
300637
300641
300643
300651
300682
300688
300689
300694
300697
300705
300707
300711
300717
300724
300725
300726
300745
300751
300758
300763
300772
300776
300777
300780
300781
300798
300801
300805
300806
300818
300821
300827
300830
300833
300859
300861
300863
300866
300888
300915
300919
300932
300952
300970
300989
301021
301024
301025
301031
301058
301065
301071
301129
600021
600029
600070
600098
600099
600101
600111
600123
600137
600161
600171
600172
600179
600202
600210
600212
600217
600219
600236
600250
600272
600278
600280
600287
600291
600295
600303
600316
600322
600329
600330
600382
600388
600389
600395
600397
600399
600422
600456
600458
600467
600476
600478
600491
600496
600505
600509
600546
600560
600561
600562
600563
600566
600575
600577
600582
600594
600602
600613
600617
600620
600640
600650
600667
600671
600692
600698
600706
600711
600722
600725
600726
600728
600731
600732
600743
600751
600758
600770
600778
600781
600800
600804
600808
600814
600850
600859
600860
600866
600873
600875
600881
600884
600892
600893
600960
600962
600963
600968
600969
600970
600971
600985
600996
601000
601012
601020
601028
601107
601188
601233
601330
601333
601390
601515
601609
601636
601666
601698
601699
601800
601811
601958
603006
603038
603050
603081
603095
603099
603100
603109
603116
603169
603192
603203
603223
603225
603229
603258
603267
603329
603332
603336
603356
603358
603368
603379
603388
603396
603399
603444
603505
603507
603519
603536
603568
603583
603586
603598
603599
603628
603660
603663
603669
603687
603712
603721
603725
603738
603778
603790
603799
603803
603808
603810
603823
603829
603836
603839
603856
603871
603887
603889
603931
603958
603966
605066
605111
605123
605128
605199
605259
605296
605336
605358
605399
605488
605566
605577
688002
688005
688012
688018
688020
688028
688030
688033
688036
688039
688063
688065
688085
688126
688159
688177
688182
688196
688208
688218
688226
688239
688268
688301
688303
688311
688314
688321
688323
688329
688339
688357
688425
688510
688557
688559
688566
688571
688590
688598
688601
688621
688663
688686
688696
688697
688707
688766
688772
688779
688788
