000030
000031
000055
000159
000422
000529
000560
000564
000600
000619
000625
000650
000713
000735
000837
000848
000852
000862
000868
000876
000915
000918
000996
001201
001219
002088
002095
002124
002130
002165
002204
002218
002221
002249
002259
002261
002266
002267
002295
002312
002369
002405
002466
002469
002511
002529
002536
002548
002571
002572
002585
002631
002638
002651
002660
002663
002668
002685
002691
002699
002706
002725
002727
002760
002796
002817
002831
002849
002877
002898
002910
002915
002946
002955
002956
002968
003018
003022
003025
300040
300056
300063
300071
300105
300116
300134
300150
300160
300184
300196
300200
300209
300212
300243
300309
300317
300335
300346
300376
300381
300386
300400
300410
300411
300415
300433
300457
300491
300493
300504
300507
300530
300549
300553
300598
300620
300638
300653
300697
300713
300805
300808
300812
300823
300837
300849
300856
300887
300909
300923
300969
300971
300996
300997
300999
301000
301016
301017
301039
301040
301043
301046
301063
301073
301082
301091
301092
301128
301149
600025
600104
600116
600137
600149
600166
600195
600226
600268
600320
600331
600355
600356
600389
600452
600476
600537
600540
600566
600573
600601
600602
600623
600641
600651
600699
600726
600742
600758
600759
600776
600898
600960
600985
600989
600995
601016
601218
601615
601658
601882
601890
601918
601996
603023
603063
603100
603111
603169
603181
603189
603322
603332
603336
603337
603533
603557
603595
603626
603656
603685
603709
603721
603727
603738
603777
603779
603797
603801
603888
603917
603979
603989
603992
605011
605033
605050
605136
605318
605589
688038
688050
688066
688103
688118
688160
688186
688195
688255
688258
688305
688355
688385
688533
688553
688585
688660
688667
688668
688681
688711
688766
688779
