000006
000008
000011
000012
000016
000019
000021
000025
000026
000027
000028
000029
000030
000031
000032
000034
000035
000036
000040
000045
000046
000048
000049
000050
000055
000056
000058
000059
000060
000061
000062
000065
000070
000078
000088
000089
000090
000099
000155
000156
000158
000400
000401
000402
000403
000410
000413
000415
000420
000422
000423
000426
000429
000488
000498
000501
000503
000504
000505
000507
000513
000516
000517
000528
000531
000534
000536
000537
000539
000540
000541
000543
000544
000546
000547
000550
000552
000553
000555
000557
000559
000560
000563
000564
000566
000567
000572
000576
000581
000582
000589
000591
000592
000597
000598
000600
000601
000603
000612
000615
000623
000626
000627
000629
000630
000631
000636
000639
000650
000652
000655
000656
000657
000659
000666
000671
000672
000676
000680
000681
000682
000683
000685
000686
000688
000690
000697
000703
000709
000710
000712
000713
000717
000718
000719
000720
000726
000727
000728
000729
000732
000735
000738
000750
000751
000755
000758
000761
000762
000767
000777
000778
000780
000785
000789
000791
000793
000795
000796
000801
000807
000810
000811
000813
000816
000818
000821
000822
000823
000826
000828
000829
000830
000837
000839
000848
000851
000859
000860
000861
000862
000869
000875
000878
000881
000883
000885
000887
000893
000898
000899
000900
000901
000902
000903
000906
000910
000912
000913
000915
000917
000921
000922
000923
000927
000928
000930
000931
000932
000933
000935
000936
000937
000948
000949
000950
000951
000958
000959
000960
000961
000962
000966
000967
000968
000969
000970
000975
000976
000980
000981
000982
000983
000987
000988
000989
000990
000993
000997
000998
000999
001201
001203
001208
001213
001215
001217
001696
001872
001896
001914
002002
002003
002004
002006
002009
002010
002011
002015
002017
002019
002020
002022
002023
002024
002025
002026
002030
002034
002035
002036
002038
002039
002041
002042
002043
002044
002045
002046
002048
002051
002053
002055
002056
002057
002059
002060
002061
002063
002065
002068
002073
002075
002078
002079
002081
002082
002085
002088
002091
002092
002093
002095
002096
002097
002099
002100
002102
002106
002108
002109
002110
002111
002119
002121
002123
002124
002125
002126
002127
002128
002130
002131
002132
002135
002138
002139
002140
002141
002145
002146
002147
002149
002151
002152
002154
002155
002156
002157
002158
002163
002167
002169
002170
002171
002174
002176
002182
002183
002184
002187
002189
002190
002191
002192
002194
002195
002201
002203
002204
002206
002208
002210
002212
002214
002215
002216
002217
002218
002219
002221
002222
002223
002226
002233
002234
002237
002239
002242
002243
002244
002245
002249
002250
002251
002254
002255
002256
002258
002261
002262
002263
002266
002267
002269
002270
002273
002274
002275
002276
002280
002281
002282
002283
002284
002285
002286
002287
002288
002291
002292
002293
002294
002297
002298
002299
002300
002301
002302
002303
002307
002309
002310
002312
002314
002315
002317
002318
002320
002324
002327
002328
002332
002334
002335
002338
002341
002344
002346
002351
002353
002354
002361
002364
002367
002368
002372
002373
002375
002376
002378
002382
002385
002386
002387
002389
002390
002392
002396
002399
002400
002402
002405
002407
002408
002409
002411
002413
002416
002419
002421
002422
002423
002424
002425
002426
002428
002429
002430
002432
002433
002434
002435
002436
002437
002438
002439
002440
002444
002445
002446
002449
002452
002453
002454
002455
002456
002458
002461
002463
002465
002467
002468
002470
002472
002481
002483
002484
002487
002488
002489
002491
002497
002498
002500
002501
002505
002506
002507
002508
002511
002515
002516
002517
002518
002519
002520
002522
002527
002529
002531
002532
002533
002534
002537
002538
002539
002540
002541
002543
002544
002545
002549
002550
002556
002557
002558
002559
002563
002567
002570
002572
002573
002579
002581
002583
002585
002588
002589
002595
002597
002603
002605
002608
002609
002610
002611
002612
002614
002617
002623
002624
002626
002635
002636
002637
002639
002641
002643
002645
002646
002649
002650
002651
002653
002655
002658
002662
002664
002665
002667
002668
002670
002672
002673
002675
002677
002678
002681
002683
002690
002695
002697
002698
002701
002705
002706
002707
002716
002717
002724
002726
002727
002733
002737
002738
002739
002741
002745
002746
002747
002752
002755
002758
002759
002761
002765
002768
002773
002777
002782
002785
002792
002793
002797
002798
002801
002803
002805
002807
002810
002815
002818
002819
002824
002829
002831
002832
002833
002837
002838
002839
002845
002847
002850
002851
002859
002860
002865
002867
002876
002880
002881
002882
002884
002885
002886
002891
002892
002895
002897
002900
002901
002906
002907
002911
002912
002913
002915
002918
002919
002922
002923
002925
002926
002928
002929
002930
002932
002935
002936
002937
002939
002941
002945
002946
002947
002948
002950
002957
002958
002959
002960
002961
002966
002967
002968
002969
002970
002973
002975
002977
002978
002979
002984
002985
002986
002987
002988
002990
002991
002993
002996
003006
003009
003012
003013
003021
003026
003031
003032
003035
003037
003038
003039
003040
003043
300001
300002
300005
300006
300007
300008
300009
300017
300019
300020
300024
300026
300027
300031
300034
300035
300036
300040
300041
300045
300046
300048
300052
300053
300054
300055
300057
300058
300065
300068
300070
300072
300075
300077
300078
300079
300080
300081
300082
300083
300085
300087
300088
300091
300093
300095
300098
300099
300101
300102
300109
300110
300113
300114
300115
300116
300118
300119
300123
300127
300129
300131
300132
300133
300134
300136
300138
300143
300144
300145
300149
300151
300158
300159
300160
300161
300166
300168
300170
300171
300173
300174
300177
300179
300180
300181
300182
300183
300184
300185
300188
300191
300193
300196
300197
300199
300203
300204
300205
300206
300208
300212
300215
300217
300219
300222
300224
300225
300226
300227
300228
300229
300232
300233
300236
300241
300244
300251
300252
300253
300255
300257
300258
300259
300260
300261
300263
300266
300267
300271
300276
300280
300284
300286
300287
300292
300294
300296
300298
300303
300304
300305
300307
300308
300311
300315
300317
300318
300319
300320
300322
300323
300324
300326
300327
300328
300331
300332
300337
300339
300341
300342
300343
300346
300348
300351
300352
300353
300354
300355
300357
300358
300360
300364
300365
300366
300368
300369
300373
300376
300377
300378
300379
300381
300382
300383
300384
300386
300388
300391
300393
300394
300395
300397
300398
300400
300401
300402
300406
300409
300410
300415
300416
300418
300421
300423
300427
300428
300429
300432
300435
300436
300437
300438
300439
300441
300443
300444
300447
300451
300455
300456
300457
300458
300459
300460
300463
300468
300470
300471
300475
300476
300477
300480
300481
300482
300483
300485
300487
300488
300490
300492
300497
300499
300502
300503
300504
300505
300506
300507
300510
300516
300523
300525
300527
300530
300531
300536
300548
300551
300552
300558
300566
300567
300568
300569
300571
300573
300576
300577
300578
300579
300581
300582
300586
300587
300589
300590
300592
300593
300596
300598
300602
300604
300607
300613
300614
300616
300617
300618
300619
300620
300623
300624
300627
300630
300631
300633
300634
300638
300639
300642
300648
300653
300655
300656
300657
300659
300660
300662
300663
300666
300671
300672
300674
300676
300677
300679
300680
300681
300683
300684
300685
300687
300690
300691
300693
300696
300702
300705
300708
300709
300712
300715
300718
300722
300723
300725
300726
300729
300735
300737
300738
300739
300740
300745
300747
300748
300752
300755
300757
300758
300761
300762
300765
300766
300767
300768
300770
300772
300773
300774
300775
300776
300777
300783
300785
300788
300790
300791
300792
300793
300799
300800
300802
300803
300805
300806
300809
300811
300815
300820
300821
300825
300827
300829
300830
300831
300832
300833
300835
300841
300842
300846
300852
300853
300855
300856
300857
300860
300861
300863
300867
300869
300870
300872
300873
300875
300887
300888
300890
300891
300893
300894
300900
300903
300908
300910
300911
300915
300922
300925
300932
300933
300941
300942
300946
300951
300953
300962
300966
300968
300969
300973
300975
300976
300978
300981
300982
300983
300985
300986
300990
300994
300996
300997
301002
301009
301011
301012
301015
301017
301018
301021
301025
301026
301028
301029
301030
301031
301035
301039
301040
301046
301047
301048
301050
301051
301058
301060
301061
301062
301069
301071
301072
301078
301080
301082
301086
301087
301088
301089
301090
301091
301092
301093
301099
301118
301129
301149
301155
301180
301188
600004
600006
600007
600008
600012
600017
600020
600021
600022
600026
600027
600032
600033
600037
600053
600054
600055
600056
600057
600058
600059
600060
600062
600063
600064
600066
600067
600071
600072
600073
600075
600078
600079
600081
600094
600095
600098
600100
600103
600105
600108
600109
600110
600114
600116
600118
600120
600121
600123
600125
600126
600127
600129
600131
600138
600143
600151
600153
600155
600157
600158
600160
600162
600163
600165
600166
600167
600169
600170
600171
600172
600177
600179
600180
600184
600185
600186
600189
600190
600195
600197
600198
600199
600200
600201
600206
600207
600208
600210
600211
600216
600217
600218
600221
600222
600223
600226
600227
600228
600230
600231
600238
600246
600248
600251
600252
600258
600259
600261
600266
600267
600268
600269
600271
600273
600277
600278
600282
600284
600285
600288
600291
600292
600295
600297
600299
600300
600305
600307
600308
600310
600312
600313
600315
600316
600318
600320
600323
600325
600326
600327
600328
600329
600330
600331
600335
600336
600337
600338
600339
600340
600343
600348
600350
600351
600360
600363
600366
600369
600370
600372
600373
600375
600376
600378
600380
600388
600389
600390
600391
600392
600395
600398
600400
600403
600409
600410
600415
600416
600418
600420
600422
600428
600429
600433
600435
600446
600449
600452
600456
600458
600459
600461
600466
600468
600475
600477
600478
600480
600481
600482
600483
600486
600487
600490
600491
600496
600497
600498
600500
600502
600503
600507
600508
600509
600510
600511
600515
600518
600521
600523
600525
600528
600529
600531
600532
600535
600536
600537
600545
600546
600548
600549
600550
600552
600556
600557
600559
600562
600565
600566
600567
600569
600572
600575
600577
600578
600579
600580
600581
600582
600583
600586
600587
600590
600595
600596
600597
600598
600601
600602
600604
600609
600610
600611
600612
600617
600618
600619
600620
600621
600623
600633
600635
600637
600639
600640
600641
600642
600643
600645
600648
600649
600650
600651
600655
600657
600662
600664
600667
600673
600675
600679
600681
600682
600685
600691
600694
600696
600699
600704
600705
600707
600710
600711
600715
600717
600718
600720
600724
600725
600726
600727
600728
600729
600736
600737
600739
600740
600742
600744
600746
600748
600750
600751
600755
600757
600759
600761
600764
600770
600771
600773
600775
600776
600777
600782
600783
600787
600789
600797
600800
600801
600804
600808
600810
600811
600812
600815
600816
600817
600820
600821
600823
600827
600828
600835
600839
600841
600848
600850
600851
600855
600859
600861
600863
600864
600867
600868
600869
600872
600873
600874
600876
600877
600879
600881
600882
600888
600894
600895
600896
600901
600903
600906
600908
600909
600916
600917
600928
600929
600933
600939
600955
600959
600963
600965
600966
600967
600968
600970
600971
600973
600975
600976
600977
600981
600983
600984
600985
600986
600987
600988
600990
600993
600995
600997
600998
601000
601001
601003
601005
601010
601011
601015
601016
601019
601020
601028
601038
601068
601069
601098
601099
601101
601106
601107
601108
601118
601126
601128
601137
601139
601156
601158
601162
601163
601168
601179
601187
601198
601200
601208
601212
601218
601222
601226
601228
601231
601258
601279
601298
601311
601326
601330
601333
601339
601366
601369
601375
601388
601399
601456
601500
601512
601515
601519
601528
601555
601566
601567
601568
601577
601579
601588
601598
601606
601608
601609
601611
601619
601665
601666
601677
601678
601686
601696
601699
601700
601702
601717
601718
601777
601778
601801
601811
601827
601828
601858
601860
601866
601869
601872
601882
601886
601890
601900
601908
601918
601921
601928
601929
601933
601949
601952
601958
601963
601965
601968
601969
601975
601990
601992
601997
603000
603002
603005
603008
603010
603013
603020
603025
603026
603027
603032
603033
603035
603039
603043
603053
603055
603056
603060
603063
603067
603068
603077
603078
603093
603098
603100
603103
603105
603108
603110
603111
603112
603113
603115
603118
603123
603126
603128
603129
603131
603155
603156
603158
603165
603166
603169
603171
603179
603181
603186
603187
603189
603197
603203
603208
603212
603213
603217
603218
603219
603220
603223
603225
603228
603229
603233
603236
603256
603258
603277
603279
603283
603297
603298
603299
603300
603301
603303
603305
603306
603308
603313
603315
603317
603323
603324
603327
603328
603337
603348
603355
603358
603359
603363
603367
603368
603377
603378
603379
603380
603383
603386
603387
603393
603396
603398
603408
603416
603421
603429
603439
603444
603466
603477
603489
603505
603507
603508
603511
603515
603520
603529
603530
603533
603535
603538
603556
603565
603566
603567
603583
603587
603588
603590
603595
603596
603599
603601
603605
603606
603609
603610
603611
603612
603618
603626
603630
603636
603638
603639
603650
603658
603662
603666
603667
603669
603678
603680
603681
603686
603688
603690
603693
603697
603698
603699
603703
603708
603711
603712
603713
603718
603719
603727
603728
603730
603733
603738
603759
603766
603786
603800
603801
603808
603809
603818
603826
603848
603855
603858
603859
603866
603868
603871
603876
603877
603881
603883
603885
603888
603890
603896
603897
603901
603906
603915
603916
603919
603920
603927
603931
603936
603938
603939
603956
603959
603960
603976
603977
603979
603982
603983
603985
603987
603989
603992
603995
603997
605005
605006
605007
605008
605009
605011
605018
605020
605056
605066
605068
605077
605080
605089
605090
605099
605111
605116
605118
605123
605136
605138
605162
605168
605179
605183
605186
605196
605198
605199
605222
605266
605268
605286
605288
605296
605299
605300
605305
605333
605337
605338
605339
605365
605368
605369
605376
605388
605399
605507
605555
605577
605589
605599
688001
688002
688003
688007
688015
688016
688017
688018
688019
688020
688022
688023
688025
688026
688027
688029
688030
688033
688037
688039
688050
688055
688057
688059
688063
688066
688068
688075
688076
688077
688079
688083
688085
688087
688088
688089
688091
688093
688095
688097
688100
688101
688103
688106
688107
688116
688121
688122
688123
688127
688128
688131
688133
688135
688136
688139
688148
688155
688157
688158
688161
688162
688165
688166
688177
688179
688182
688183
688186
688195
688196
688198
688200
688201
688202
688208
688211
688212
688216
688219
688221
688222
688232
688233
688239
688257
688266
688268
688269
688276
688277
688278
688280
688286
688289
688296
688298
688299
688300
688305
688308
688311
688313
688315
688317
688318
688319
688321
688323
688330
688333
688336
688339
688345
688356
688357
688359
688365
688366
688368
688378
688383
688388
688389
688390
688399
688408
688425
688468
688488
688499
688505
688508
688510
688513
688516
688518
688519
688520
688521
688526
688533
688550
688551
688553
688556
688558
688559
688560
688568
688575
688578
688580
688586
688588
688589
688595
688596
688598
688601
688606
688608
688609
688611
688613
688617
688621
688625
688626
688630
688633
688636
688639
688658
688660
688661
688663
688665
688667
688668
688670
688676
688677
688678
688680
688686
688689
688690
688696
688697
688699
688700
688707
688711
688718
688733
688739
688766
688767
688768
688776
688778
688788
688789
688793
688798
688800
