000010
000061
000156
000403
000404
000428
000509
000526
000531
000552
000554
000566
000607
000681
000700
000707
000708
000732
000736
000809
000862
000917
000958
000993
001201
001219
002011
002032
002040
002042
002148
002176
002198
002218
002240
002250
002259
002261
002281
002295
002312
002324
002326
002381
002386
002395
002400
002405
002417
002419
002440
002459
002461
002472
002524
002557
002571
002585
002591
002632
002668
002681
002688
002702
002706
002709
002713
002718
002721
002755
002760
002769
002796
002855
002881
002892
002940
002966
002996
300002
300027
300043
300052
300083
300084
300102
300141
300211
300275
300292
300313
300316
300317
300346
300347
300356
300392
300443
300490
300504
300533
300558
300598
300637
300666
300681
300698
300757
300758
300780
300781
300783
300789
300811
300821
300859
300906
300908
300971
301061
301090
600032
600037
600089
600123
600145
600188
600256
600258
600282
600311
600336
600354
600395
600408
600409
600415
600425
600444
600462
600545
600557
600578
600582
600617
600624
600638
600651
600732
600742
600744
600758
600771
600777
600800
600811
600823
600831
600835
600837
600844
600868
600888
600898
600917
600960
600971
600975
600985
600989
601058
601500
601615
601858
601918
601928
601949
601956
603032
603053
603060
603090
603112
603117
603136
603226
603233
603323
603324
603337
603366
603386
603392
603555
603666
603689
603698
603711
603727
603948
603959
603966
605033
605089
605188
605333
605555
605589
688003
688075
688113
688168
688301
688315
688357
688363
688526
688561
688661
688669
688737
688981
