000045
000046
000055
000156
000404
000420
000516
000519
000524
000541
000554
000559
000561
000571
000581
000651
000661
000667
000673
000768
000820
000830
000837
000869
000897
000915
000917
000929
000987
000998
000999
001215
002006
002012
002023
002061
002081
002129
002175
002195
002223
002224
002241
002254
002273
002276
002277
002289
002302
002312
002356
002369
002405
002419
002429
002440
002449
002451
002455
002458
002461
002469
002473
002508
002543
002544
002576
002592
002612
002651
002668
002677
002685
002741
002772
002773
002798
002824
002826
002828
002833
002847
002850
002863
002869
002915
002916
002940
002981
003009
003018
003035
003036
300022
300037
300044
300052
300059
300063
300115
300119
300123
300133
300135
300139
300143
300159
300160
300164
300199
300210
300214
300243
300261
300263
300267
300285
300291
300316
300357
300397
300426
300433
300450
300498
300507
300511
300513
300519
300534
300581
300609
300630
300643
300651
300654
300655
300681
300717
300740
300757
300833
300862
300863
300876
300879
300967
300969
300972
300993
301042
301080
600007
600096
600108
600120
600151
600157
600170
600183
600186
600201
600229
600232
600315
600316
600322
600343
600512
600539
600557
600583
600606
600623
600628
600649
600658
600699
600728
600750
600776
600783
600784
600801
600809
600823
600885
600976
600997
601126
601238
601319
601336
601339
601619
601877
601900
601952
601989
601999
603021
603077
603155
603156
603159
603183
603198
603299
603345
603353
603386
603486
603500
603515
603517
603579
603596
603658
603669
603706
603755
603823
603866
603877
603897
603915
603948
603959
605007
605077
605168
605287
605358
605589
688066
688085
688096
688161
688198
688239
688280
688310
688408
688518
688663
688701
688722
688739
