000006
000007
000011
000029
000031
000045
000089
000157
000333
000400
000410
000420
000423
000425
000502
000506
000510
000516
000517
000532
000536
000537
000541
000548
000550
000554
000571
000592
000607
000608
000611
000613
000616
000620
000622
000625
000655
000669
000680
000705
000718
000732
000736
000757
000762
000768
000779
000789
000800
000803
000809
000823
000848
000851
000877
000881
000888
000902
000906
000915
000920
000921
000922
000926
000930
000950
000957
000963
000965
000966
000971
000981
000988
000989
001210
001213
001217
001219
001696
002004
002005
002006
002010
002016
002021
002024
002028
002036
002039
002041
002072
002074
002076
002078
002079
002081
002089
002096
002110
002111
002123
002125
002133
002140
002158
002159
002168
002171
002178
002179
002182
002185
002203
002208
002216
002221
002223
002227
002230
002232
002233
002240
002242
002255
002258
002261
002273
002285
002288
002305
002309
002311
002312
002313
002314
002315
002330
002335
002340
002345
002358
002371
002374
002376
002377
002402
002407
002410
002420
002434
002436
002438
002456
002459
002460
002466
002475
002478
002483
002491
002505
002507
002524
002533
002538
002543
002546
002559
002577
002579
002581
002590
002595
002597
002614
002619
002620
002625
002646
002648
002666
002676
002677
002679
002682
002701
002706
002718
002721
002725
002727
002732
002741
002749
002756
002759
002766
002767
002775
002776
002778
002785
002817
002819
002822
002823
002824
002826
002837
002850
002857
002859
002861
002868
002872
002882
002884
002897
002906
002918
002920
002928
002930
002936
002946
002957
002962
002991
003000
003022
003025
003038
300003
300013
300024
300027
300038
300044
300055
300061
300087
300118
300130
300132
300133
300167
300176
300181
300193
300202
300212
300215
300245
300251
300272
300274
300285
300298
300299
300300
300307
300310
300320
300328
300332
300346
300347
300351
300374
300377
300390
300394
300409
300410
300413
300421
300425
300440
300447
300474
300483
300492
300496
300516
300520
300529
300534
300536
300558
300567
300568
300586
300587
300588
300596
300620
300630
300654
300661
300715
300721
300724
300742
300745
300750
300751
300777
300788
300827
300830
300833
300835
300855
300856
300859
300863
300875
300886
300890
300896
300908
300917
300957
300973
300990
300997
300999
301002
301020
301039
301051
301058
301061
301080
301129
600032
600039
600057
600059
600071
600080
600094
600096
600098
600100
600104
600105
600151
600152
600158
600159
600176
600185
600192
600197
600206
600213
600236
600238
600241
600246
600258
600283
600287
600291
600298
600312
600315
600322
600326
600330
600332
600333
600337
600338
600348
600365
600366
600380
600386
600393
600398
600405
600419
600425
600426
600466
600477
600478
600481
600498
600499
600501
600507
600519
600521
600526
600533
600535
600551
600556
600559
600566
600573
600576
600597
600601
600602
600609
600644
600654
600655
600657
600668
600674
600683
600689
600702
600703
600708
600726
600732
600741
600766
600773
600774
600776
600779
600791
600802
600823
600844
600850
600862
600863
600865
600869
600870
600874
600883
600884
600887
600890
600892
600893
600897
600956
600961
600977
600984
600988
601005
601006
601012
601020
601028
601100
601126
601155
601166
601179
601186
601208
601216
601318
601330
601595
601600
601615
601718
601766
601778
601801
601857
601877
601882
603026
603027
603031
603043
603069
603083
603099
603101
603109
603136
603138
603178
603185
603188
603213
603221
603227
603228
603233
603260
603297
603305
603315
603316
603317
603345
603365
603379
603388
603408
603489
603506
603515
603517
603536
603551
603558
603565
603578
603588
603595
603600
603602
603605
603613
603628
603638
603663
603666
603683
603688
603690
603701
603707
603718
603725
603730
603755
603777
603786
603798
603809
603815
603816
603833
603836
603848
603893
603901
603920
603939
603950
603956
603960
603968
603979
605005
605086
605123
605128
605166
605180
605228
605305
605318
605337
605338
605389
605555
605567
605599
688005
688006
688010
688012
688017
688037
688080
688087
688091
688095
688097
688099
688100
688103
688105
688122
688129
688138
688155
688157
688165
688260
688269
688303
688305
688311
688356
688379
688385
688418
688425
688510
688516
688519
688551
688585
688589
688599
688625
688639
688660
688661
688667
688678
688690
688707
688711
688776
688778
688793
688800
