000009
000056
000062
000584
000923
000960
002001
002031
002049
002065
002078
002185
002206
002222
002279
002313
002331
002334
002367
002415
002497
002500
002579
002632
002633
002747
002832
002845
002896
002917
002968
002975
002997
300012
300033
300035
300047
300164
300229
300269
300322
300346
300348
300375
300379
300392
300445
300474
300493
300525
300538
300576
300588
300602
300618
300631
300634
300686
300731
300733
300760
300787
300790
300855
300872
300877
300890
300900
300996
600038
600039
600110
600132
600171
600246
600389
600428
600460
600543
600552
600616
600621
600728
600746
600760
600835
600988
601019
601577
601615
601808
601882
601939
601995
603015
603031
603056
603095
603100
603106
603115
603116
603218
603236
603260
603508
603585
603587
603599
603609
603610
603712
603933
603983
603985
605060
688002
688030
688096
688168
688179
688211
688218
688551
688599
688633
688636
688680
688685
688777
