000007
000036
000506
000509
000568
000625
000806
000813
000831
000859
000876
000915
000957
001872
002008
002019
002050
002100
002102
002126
002157
002192
002242
002252
002271
002380
002390
002427
002434
002557
002626
002646
002648
002653
002684
002714
002805
002882
002918
002970
300030
300048
300051
300127
300138
300224
300246
300256
300273
300452
300517
300566
300622
300642
300672
300684
300709
300733
300737
300750
300917
300967
600006
600038
600083
600090
600098
600111
600130
600195
600197
600216
600227
600242
600248
600259
600302
600372
600392
600416
600482
600532
600559
600580
600587
600615
600668
600685
600741
600751
600796
600807
600861
600866
600875
600933
601117
601238
601866
603067
603157
603187
603305
603358
603363
603377
603486
603501
603669
603896
603922
605001
605499
688006
688020
688082
688105
688189
688388
688630
