000012
000025
000030
000157
000581
000630
000661
000719
000767
000768
000791
000815
000877
000910
000930
000933
000952
000963
000977
000988
000993
002028
002034
002056
002078
002118
002155
002161
002169
002202
002241
002247
002271
002274
002276
002296
002302
002324
002360
002372
002398
002410
002467
002469
002507
002524
002533
002567
002595
002639
002642
002643
002649
002658
002743
002747
002796
002801
002916
002970
002992
300059
300074
300085
300241
300288
300310
300324
300357
300359
300388
300425
300447
300462
300475
300498
300504
300548
300597
300632
300633
300638
300685
300715
300739
300740
300815
300829
300872
301046
600012
600031
600032
600075
600084
600123
600151
600183
600258
600268
600348
600366
600391
600422
600425
600452
600495
600508
600509
600567
600570
600585
600586
600602
600613
600622
600644
600685
600740
600750
600757
600776
600804
600805
600810
600829
600834
600850
600855
600893
600967
600968
600987
600995
600997
601016
601019
601179
601388
601390
601636
601799
601918
603039
603177
603236
603345
603353
603357
603379
603383
603393
603508
603676
603686
603706
603713
603726
603759
603787
603816
603977
603989
603993
605028
688016
688135
688138
688169
688201
688260
688608
688776
688819
