000034
000063
000066
000070
000166
000409
000410
000524
000550
000559
000581
000596
000615
000619
000625
000632
000639
000661
000676
000702
000715
000738
000751
000752
000753
000759
000798
000829
000833
000850
000851
000852
000860
000876
000878
000902
000913
000929
000930
000935
000959
000977
001201
002014
002015
002016
002023
002036
002050
002065
002085
002087
002100
002112
002113
002123
002124
002126
002127
002129
002139
002148
002153
002157
002195
002203
002209
002230
002250
002256
002258
002259
002273
002298
002302
002309
002312
002313
002315
002319
002340
002351
002353
002360
002364
002374
002381
002385
002387
002390
002411
002434
002440
002446
002461
002468
002478
002485
002487
002490
002511
002515
002518
002523
002540
002549
002564
002567
002568
002580
002590
002601
002624
002633
002638
002642
002703
002713
002718
002732
002737
002759
002769
002770
002773
002783
002808
002821
002830
002833
002835
002837
002869
002876
002891
002916
002925
002938
002945
002957
002973
002984
002999
003003
003015
003021
003022
300003
300007
300012
300033
300042
300052
300058
300059
300071
300075
300088
300093
300094
300113
300124
300125
300135
300143
300155
300163
300168
300177
300208
300214
300223
300226
300230
300234
300290
300298
300302
300307
300322
300324
300337
300347
300357
300379
300413
300418
300425
300428
300429
300441
300454
300456
300460
300462
300474
300490
300494
300496
300499
300511
300516
300518
300527
300552
300557
300568
300571
300585
300589
300610
300653
300662
300666
300669
300680
300696
300698
300709
300729
300733
300736
300806
300833
300838
300871
300908
300911
300923
300971
300972
300985
301018
301020
301040
301049
600037
600054
600056
600057
600066
600072
600079
600088
600095
600099
600100
600107
600108
600109
600131
600136
600150
600155
600182
600183
600184
600186
600188
600203
600217
600228
600238
600249
600256
600268
600285
600298
600299
600313
600315
600332
600336
600354
600355
600359
600379
600381
600398
600400
600422
600429
600436
600438
600439
600448
600455
600458
600460
600488
600489
600501
600522
600535
600536
600547
600548
600551
600573
600598
600602
600608
600626
600645
600668
600685
600696
600706
600710
600721
600726
600737
600739
600745
600746
600757
600759
600761
600763
600770
600805
600809
600812
600814
600827
600844
600845
600855
600859
600864
600882
600887
600905
600906
600909
600916
600918
600960
600965
600975
600976
600977
600988
600998
600999
601019
601066
601101
601158
601162
601163
601187
601199
601211
601212
601218
601225
601236
601238
601366
601399
601456
601519
601607
601611
601696
601778
601788
601878
601888
601901
601928
601949
601952
601968
601990
601995
601999
603000
603012
603020
603022
603025
603056
603115
603121
603127
603156
603160
603166
603185
603188
603189
603219
603228
603259
603260
603313
603327
603339
603398
603444
603477
603517
603566
603568
603569
603579
603583
603587
603599
603602
603617
603619
603636
603650
603655
603669
603686
603689
603693
603696
603697
603699
603757
603768
603797
603810
603843
603860
603867
603899
603917
603922
603936
603955
603963
603977
603986
603988
603997
603998
605089
605123
605136
605266
605286
605358
605376
688002
688007
688008
688016
688019
688023
688029
688050
688051
688056
688065
688089
688100
688105
688107
688111
688126
688161
688169
688180
688266
688277
688303
688310
688311
688316
688333
688366
688580
688655
688669
688682
688722
