000001
000006
000008
000011
000017
000020
000025
000026
000027
000039
000045
000069
000159
000166
000333
000338
000402
000403
000409
000416
000419
000421
000423
000426
000429
000430
000517
000524
000529
000532
000536
000539
000543
000544
000548
000552
000557
000560
000571
000581
000584
000600
000605
000608
000611
000623
000626
000629
000633
000636
000639
000656
000667
000679
000681
000688
000690
000692
000698
000701
000709
000712
000715
000721
000732
000733
000735
000738
000751
000752
000762
000778
000783
000788
000790
000800
000803
000810
000830
000831
000852
000856
000861
000863
000868
000877
000888
000900
000908
000910
000911
000912
000915
000918
000926
000928
000933
000935
000950
000963
000965
000978
000987
000989
000990
000996
001210
001215
001217
001288
001896
001965
002003
002009
002013
002015
002024
002028
002029
002033
002034
002035
002050
002054
002056
002062
002069
002072
002075
002080
002081
002083
002084
002087
002088
002092
002095
002097
002098
002102
002103
002109
002117
002121
002132
002137
002142
002144
002146
002155
002159
002161
002163
002173
002174
002178
002180
002181
002185
002186
002196
002205
002215
002229
002234
002235
002243
002248
002249
002262
002263
002264
002265
002266
002268
002277
002285
002286
002293
002300
002302
002308
002310
002314
002315
002318
002319
002324
002327
002329
002336
002337
002344
002345
002350
002354
002367
002369
002376
002377
002379
002381
002387
002390
002392
002396
002399
002400
002413
002414
002422
002429
002437
002439
002442
002443
002449
002451
002457
002462
002479
002489
002494
002502
002511
002524
002526
002527
002536
002539
002541
002542
002546
002548
002559
002569
002570
002573
002581
002591
002601
002610
002612
002625
002627
002628
002630
002633
002635
002643
002655
002662
002663
002666
002669
002670
002677
002681
002686
002691
002696
002697
002701
002713
002736
002737
002741
002743
002773
002781
002785
002787
002798
002800
002807
002809
002818
002825
002830
002832
002838
002845
002864
002869
002875
002883
002884
002898
002899
002901
002912
002921
002925
002928
002933
002940
002948
002961
002962
002963
002966
002973
002983
002992
003003
003005
003009
003012
003015
003018
003028
003043
003816
300002
300004
300012
300014
300015
300033
300040
300056
300059
300067
300084
300092
300094
300100
300120
300122
300129
300133
300135
300136
300148
300153
300155
300158
300159
300162
300167
300173
300189
300194
300203
300207
300212
300217
300220
300228
300231
300232
300240
300264
300270
300272
300285
300286
300288
300292
300298
300309
300310
300315
300323
300324
300329
300332
300338
300346
300385
300391
300398
300400
300413
300426
300435
300444
300451
300456
300467
300471
300474
300491
300498
300503
300504
300511
300512
300530
300535
300553
300556
300558
300581
300582
300595
300596
300597
300603
300615
300622
300624
300625
300628
300632
300633
300637
300647
300650
300654
300657
300661
300669
300689
300708
300715
300717
300722
300724
300735
300741
300745
300746
300750
300755
300770
300777
300785
300790
300792
300793
300808
300825
300829
300838
300841
300846
300858
300860
300865
300873
300889
300893
300894
300897
300903
300909
300912
300961
300967
300969
300972
300979
300983
301003
301006
301008
301040
301072
600010
600020
600030
600036
600037
600038
600050
600053
600054
600055
600056
600058
600061
600070
600084
600085
600098
600105
600108
600109
600121
600127
600156
600158
600167
600168
600184
600186
600189
600202
600203
600207
600210
600213
600216
600220
600223
600229
600236
600243
600252
600257
600258
600269
600273
600276
600288
600289
600291
600292
600295
600299
600307
600316
600318
600320
600321
600323
600326
600327
600329
600333
600354
600366
600368
600369
600379
600380
600397
600406
600409
600446
600456
600460
600467
600477
600488
600496
600497
600498
600500
600501
600508
600509
600521
600525
600527
600528
600535
600536
600545
600547
600557
600566
600567
600569
600575
600578
600584
600596
600606
600613
600617
600618
600622
600635
600636
600640
600645
600649
600653
600665
600667
600681
600683
600686
600689
600690
600697
600708
600711
600715
600722
600724
600728
600734
600738
600739
600755
600758
600760
600761
600776
600783
600791
600792
600800
600804
600824
600829
600837
600838
600839
600845
600846
600866
600871
600901
600916
600926
600958
600965
600971
600983
600985
600989
600993
600998
600999
601006
601007
601011
601028
601038
601068
601100
601107
601111
601126
601137
601138
601156
601177
601187
601200
601211
601218
601233
601360
601377
601390
601518
601528
601555
601598
601599
601601
601686
601688
601717
601766
601777
601789
601799
601801
601808
601811
601825
601827
601860
601868
601888
601890
601929
601939
601963
601985
601990
601995
603002
603008
603012
603017
603029
603038
603039
603053
603063
603083
603093
603099
603103
603118
603126
603133
603158
603160
603161
603167
603183
603188
603195
603199
603221
603226
603227
603228
603233
603259
603260
603290
603309
603316
603318
603322
603353
603377
603390
603396
603444
603506
603507
603508
603515
603535
603568
603579
603583
603590
603598
603600
603630
603657
603658
603661
603662
603697
603700
603706
603709
603718
603721
603798
603799
603810
603815
603816
603822
603828
603829
603833
603848
603855
603863
603867
603869
603899
603906
603908
603912
603915
603917
603920
603936
603937
603959
603963
603967
603969
603978
603979
603980
603987
603999
605016
605056
605077
605088
605100
605136
605151
605158
605162
605167
605169
605178
605188
605198
605266
605296
605300
605333
605365
605368
605377
605399
605566
688005
688009
688012
688017
688018
688020
688036
688065
688082
688083
688087
688088
688098
688099
688106
688122
688127
688133
688138
688179
688180
688181
688187
688188
688198
688215
688266
688280
688299
688305
688309
688313
688316
688318
688321
688357
688358
688366
688369
688379
688383
688396
688466
688516
688521
688526
688533
688536
688566
688568
688595
688598
688601
688613
688621
688636
688679
688685
688686
688690
688699
