000002
000012
000019
000045
000403
000408
000411
000517
000539
000558
000620
000636
000650
000686
000713
000715
000721
000809
000825
000869
000880
000897
000912
000998
001201
001210
002027
002028
002036
002056
002057
002058
002123
002124
002132
002190
002196
002204
002208
002234
002238
002245
002286
002299
002320
002324
002335
002337
002341
002371
002376
002400
002402
002427
002448
002454
002458
002461
002472
002481
002488
002498
002519
002533
002548
002576
002598
002643
002655
002661
002662
002675
002729
002857
002864
002881
002888
002910
002916
002918
002926
002933
002946
003041
300041
300052
300059
300087
300153
300183
300215
300268
300286
300291
300317
300332
300366
300371
300410
300413
300418
300433
300457
300491
300507
300525
300569
300585
300596
300619
300630
300632
300643
300652
300679
300680
300681
300682
300727
300737
300739
300792
300809
300848
300863
300893
300894
300917
300930
300946
301050
301063
301082
301092
600015
600054
600060
600063
600088
600090
600105
600123
600127
600160
600182
600183
600231
600251
600277
600282
600299
600405
600416
600462
600475
600499
600523
600545
600550
600573
600668
600715
600719
600763
600783
600794
600850
600875
600876
600883
600893
600983
601068
601099
601137
601198
601211
601238
601330
601375
601555
601677
601882
601990
601998
603027
603038
603099
603112
603115
603118
603138
603155
603158
603169
603180
603181
603221
603239
603309
603378
603535
603551
603578
603681
603697
603703
603708
603721
603856
603889
603926
603931
603989
603992
605066
605088
605151
605228
605268
605299
605338
605488
688028
688065
688097
688310
688313
688316
688357
688358
688521
688559
688586
688633
688665
688685
688687
688737
688779
688798
688981
