000012
000027
000040
000056
000065
000099
000429
000520
000534
000573
000596
000600
000601
000690
000713
000767
000768
000848
000862
000882
000897
000899
000901
000963
000966
002023
002034
002058
002138
002207
002240
002263
002320
002324
002371
002372
002386
002392
002402
002466
002492
002515
002519
002531
002542
002585
002688
002698
002702
002729
002786
002802
002828
002869
002899
002916
002931
002947
002949
300053
300075
300087
300091
300114
300121
300125
300151
300168
300202
300203
300227
300247
300298
300344
300347
300357
300388
300395
300420
300423
300443
300520
300551
300564
300589
300712
300896
300969
300993
300999
301080
600011
600023
600027
600033
600115
600121
600123
600135
600158
600171
600184
600202
600217
600232
600255
600257
600292
600316
600343
600353
600354
600368
600385
600391
600395
600396
600397
600428
600429
600499
600501
600570
600578
600586
600639
600644
600674
600711
600791
600792
600794
600810
600853
600855
600868
600872
600879
600887
600926
600979
601101
601106
601179
601512
601598
601727
601878
601985
603026
603167
603619
603656
603660
603677
603686
603689
603700
603727
603919
603967
688087
688211
688311
688357
688385
688667
