000001
000006
000030
000050
000096
000409
000423
000513
000523
000524
000532
000537
000541
000545
000552
000558
000560
000608
000619
000629
000630
000632
000652
000661
000668
000700
000701
000711
000713
000719
000721
000737
000738
000751
000759
000761
000762
000767
000768
000779
000788
000815
000831
000836
000868
000878
000880
000885
000889
000892
000899
000900
000901
000908
000911
000930
000932
000950
000963
000965
000967
000973
000981
000982
001207
001208
001209
001979
002003
002008
002011
002015
002036
002056
002063
002068
002073
002075
002077
002080
002107
002117
002130
002141
002146
002151
002153
002167
002169
002170
002177
002180
002194
002203
002208
002212
002223
002228
002229
002235
002236
002238
002244
002245
002246
002247
002248
002261
002265
002267
002269
002270
002274
002282
002284
002287
002295
002314
002329
002342
002349
002352
002364
002368
002369
002371
002373
002384
002388
002392
002393
002412
002421
002424
002426
002460
002474
002476
002482
002483
002486
002487
002492
002505
002515
002520
002523
002528
002534
002543
002554
002557
002561
002574
002575
002588
002589
002601
002602
002610
002612
002619
002622
002628
002635
002636
002666
002681
002697
002705
002706
002726
002748
002755
002759
002780
002787
002799
002802
002808
002809
002810
002820
002837
002842
002848
002861
002886
002898
002899
002905
002908
002910
002917
002933
002948
002960
002966
002967
002968
002971
002975
002977
002990
002992
002996
003007
003010
003012
003015
003030
003031
003035
003036
300001
300018
300025
300038
300039
300042
300045
300046
300053
300065
300070
300075
300077
300078
300084
300085
300092
300106
300110
300111
300116
300122
300129
300130
300133
300145
300154
300155
300159
300162
300163
300164
300167
300168
300171
300175
300180
300183
300190
300197
300206
300224
300228
300231
300234
300238
300239
300242
300246
300250
300260
300263
300267
300270
300280
300283
300304
300306
300320
300322
300324
300329
300341
300346
300352
300356
300360
300368
300381
300390
300394
300409
300416
300420
300432
300436
300438
300439
300444
300447
300451
300457
300462
300468
300490
300493
300499
300511
300516
300526
300527
300528
300531
300540
300541
300546
300548
300551
300563
300570
300582
300583
300593
300597
300600
300601
300633
300635
300637
300641
300643
300645
300659
300666
300676
300680
300688
300689
300692
300697
300700
300702
300711
300718
300735
300740
300741
300748
300773
300777
300796
300797
300800
300801
300809
300811
300813
300819
300821
300829
300833
300838
300841
300857
300865
300867
300868
300872
300876
300878
300885
300887
300894
300897
300901
300902
300933
300947
300967
300970
300997
301012
301017
301018
301033
301040
301046
301060
301063
301079
301081
301083
301088
301089
301099
301118
301129
301178
600006
600007
600022
600028
600035
600038
600055
600070
600081
600107
600115
600118
600119
600127
600131
600137
600148
600150
600213
600220
600227
600229
600231
600243
600250
600259
600273
600277
600278
600297
600302
600307
600316
600321
600327
600330
600333
600335
600343
600359
600360
600373
600380
600397
600403
600415
600416
600418
600419
600421
600477
600478
600483
600488
600497
600503
600505
600520
600525
600540
600551
600552
600558
600563
600569
600576
600586
600587
600605
600606
600613
600617
600655
600664
600689
600692
600702
600736
600745
600758
600760
600761
600767
600770
600794
600796
600805
600817
600819
600844
600850
600851
600859
600866
600877
600881
600928
600955
600971
600975
600986
600987
600990
600993
601008
601010
601106
601107
601118
601155
601177
601188
601222
601238
601330
601567
601595
601600
601606
601609
601618
601636
601677
601777
601798
601872
601877
601919
601949
601956
603015
603041
603042
603043
603045
603079
603117
603126
603131
603157
603180
603183
603217
603236
603268
603321
603365
603439
603508
603559
603579
603586
603599
603628
603648
603666
603676
603679
603682
603685
603690
603706
603718
603725
603738
603755
603777
603786
603787
603797
603799
603803
603818
603829
603867
603881
603882
603887
603917
603929
603955
603956
603958
603960
603963
603977
603978
603993
603998
605001
605028
605050
605077
605086
605117
605136
605138
605177
605188
605218
605333
605358
605368
605388
605555
605567
605589
688001
688017
688025
688030
688033
688039
688050
688056
688057
688059
688067
688079
688082
688091
688095
688096
688106
688118
688129
688133
688158
688161
688177
688181
688190
688201
688216
688268
688278
688286
688289
688300
688309
688311
688313
688314
688338
688388
688389
688418
688425
688466
688508
688513
688516
688518
688533
688560
688633
688659
688722
688739
688772
688779
688788
688819
