000011
000017
000031
000042
000048
000065
000099
000150
000153
000158
000404
000509
000510
000513
000530
000534
000537
000540
000564
000566
000571
000572
000573
000587
000597
000598
000619
000627
000629
000636
000656
000669
000687
000715
000718
000729
000732
000759
000790
000791
000799
000813
000818
000831
000856
000863
000880
000886
000888
000893
000895
000903
000906
000926
000927
000928
000929
000949
000951
000959
000968
000978
000985
000990
000993
000996
001207
001211
001212
001213
002001
002007
002022
002031
002038
002039
002046
002049
002050
002051
002052
002054
002078
002080
002092
002094
002107
002108
002115
002117
002120
002127
002133
002136
002141
002147
002157
002170
002172
002174
002175
002179
002183
002192
002194
002201
002208
002210
002215
002223
002225
002234
002240
002245
002246
002269
002287
002290
002293
002299
002307
002312
002324
002326
002329
002331
002332
002335
002346
002348
002373
002378
002390
002391
002392
002397
002399
002401
002405
002411
002418
002423
002428
002433
002435
002436
002438
002442
002454
002458
002459
002472
002478
002480
002483
002502
002505
002515
002516
002524
002531
002534
002538
002539
002542
002550
002557
002567
002574
002589
002593
002594
002614
002631
002638
002643
002644
002649
002657
002662
002663
002669
002675
002676
002687
002693
002694
002696
002700
002701
002705
002709
002712
002721
002733
002735
002738
002739
002741
002748
002749
002770
002773
002782
002788
002795
002800
002810
002812
002820
002826
002832
002837
002843
002847
002849
002852
002856
002859
002878
002890
002901
002906
002907
002919
002929
002932
002942
002958
002960
002961
002963
002966
002967
002977
002978
002985
002991
002999
003003
003009
003042
300005
300006
300014
300016
300022
300027
300030
300033
300034
300041
300056
300057
300059
300064
300065
300069
300070
300073
300075
300108
300125
300162
300165
300167
300169
300179
300181
300196
300198
300199
300204
300206
300212
300221
300226
300229
300235
300244
300247
300255
300278
300289
300308
300338
300340
300349
300356
300366
300375
300390
300391
300394
300396
300405
300406
300408
300412
300413
300423
300434
300436
300438
300443
300470
300496
300515
300516
300517
300519
300542
300558
300567
300571
300572
300573
300577
300581
300584
300600
300606
300613
300641
300642
300649
300655
300666
300680
300683
300685
300690
300698
300705
300712
300746
300752
300767
300774
300776
300777
300787
300796
300811
300816
300820
300826
300851
300862
300863
300902
300905
300912
300918
300942
300950
300953
300993
301013
301015
301016
301031
301058
301071
301089
600000
600021
600035
600039
600048
600051
600054
600064
600072
600073
600079
600094
600107
600112
600118
600125
600131
600141
600143
600150
600155
600159
600163
600168
600172
600177
600179
600187
600190
600191
600207
600210
600218
600230
600233
600255
600259
600267
600271
600275
600279
600285
600300
600303
600310
600327
600329
600330
600368
600375
600378
600380
600383
600392
600399
600415
600435
600455
600456
600458
600461
600470
600483
600500
600502
600510
600529
600533
600535
600539
600545
600551
600558
600579
600586
600594
600602
600606
600612
600619
600623
600628
600639
600663
600679
600693
600694
600704
600711
600712
600713
600727
600731
600732
600737
600739
600750
600751
600755
600757
600765
600766
600769
600770
600773
600784
600789
600790
600796
600803
600811
600818
600823
600838
600843
600856
600862
600869
600880
600882
600887
600892
600901
600908
600928
600958
600977
600980
600990
600993
601002
601008
601107
601126
601128
601169
601177
601188
601216
601218
601229
601328
601339
601390
601398
601607
601608
601615
601633
601677
601778
601800
601816
601825
601838
601860
601877
601881
601882
601919
601939
601988
601989
603002
603005
603009
603010
603012
603025
603033
603035
603050
603056
603058
603059
603060
603083
603098
603100
603105
603110
603117
603129
603167
603183
603199
603222
603228
603238
603268
603301
603303
603324
603353
603359
603387
603416
603456
603466
603500
603507
603517
603567
603568
603579
603585
603595
603607
603615
603618
603636
603638
603648
603676
603680
603687
603688
603696
603709
603713
603717
603738
603768
603798
603799
603803
603806
603810
603811
603839
603843
603860
603867
603880
603882
603895
603915
603916
603918
603922
603926
603928
603948
603956
603958
603988
603997
605001
605011
605016
605033
605060
605068
605086
605167
605199
605298
605377
605388
688002
688020
688021
688029
688030
688068
688076
688096
688098
688101
688106
688109
688111
688127
688133
688136
688158
688159
688178
688189
688239
688266
688298
688323
688335
688338
688339
688356
688357
688358
688377
688378
688388
688399
688536
688550
688557
688566
688569
688578
688597
688606
688608
688611
688616
688659
688661
688680
688700
688777
688786
