000006
000157
000400
000410
000423
000425
000502
000517
000550
000554
000592
000608
000622
000625
000655
000680
000718
000732
000789
000800
000803
000809
000848
000877
000888
000926
000966
001210
001219
002024
002078
002081
002110
002159
002232
002305
002311
002314
002410
002459
002505
002524
002543
002577
002581
002595
002614
002620
002646
002677
002679
002682
002732
002776
002822
002826
002928
002946
300027
300130
300132
300133
300202
300245
300272
300347
300377
300520
300534
300558
300588
300654
300715
300856
300957
300997
300999
301058
301061
600032
600057
600059
600098
600104
600158
600159
600176
600192
600236
600238
600258
600283
600287
600298
600322
600326
600330
600337
600348
600380
600419
600425
600507
600533
600535
600566
600655
600657
600668
600674
600708
600726
600802
600823
600863
600883
600890
600897
600956
600977
600984
601005
601012
601155
601186
601216
601595
601766
601778
601857
603027
603043
603099
603136
603221
603315
603317
603408
603506
603515
603517
603551
603600
603613
603730
603755
603777
603836
603848
605338
605599
688379
688425
688599
