000001
000002
000012
000021
000025
000027
000030
000037
000038
000039
000045
000049
000062
000089
000151
000157
000159
000333
000400
000403
000404
000409
000411
000416
000420
000421
000429
000503
000524
000525
000537
000539
000553
000560
000563
000565
000568
000571
000581
000587
000591
000592
000603
000606
000608
000616
000619
000620
000623
000630
000632
000637
000650
000651
000661
000678
000686
000687
000695
000698
000700
000707
000708
000711
000712
000715
000717
000719
000723
000750
000751
000753
000759
000767
000768
000779
000783
000788
000791
000797
000800
000807
000811
000815
000825
000829
000830
000831
000835
000839
000856
000860
000861
000862
000877
000880
000899
000901
000902
000910
000930
000932
000933
000935
000950
000951
000952
000957
000960
000963
000965
000973
000977
000981
000988
000993
000996
001209
001213
001215
001696
001979
002004
002005
002009
002021
002028
002032
002033
002034
002035
002052
002053
002054
002056
002060
002078
002080
002081
002083
002091
002096
002098
002100
002109
002112
002113
002118
002120
002130
002131
002137
002138
002142
002148
002155
002161
002166
002169
002174
002178
002187
002188
002190
002202
002207
002208
002212
002216
002222
002225
002227
002232
002235
002238
002241
002244
002247
002254
002255
002261
002263
002264
002271
002274
002276
002277
002295
002296
002297
002299
002300
002301
002302
002309
002310
002313
002314
002318
002320
002321
002322
002323
002324
002332
002342
002352
002353
002360
002366
002370
002372
002373
002375
002379
002388
002390
002392
002397
002398
002402
002407
002410
002411
002415
002416
002417
002424
002433
002434
002439
002442
002447
002467
002469
002470
002472
002475
002476
002487
002495
002507
002515
002524
002530
002533
002535
002543
002547
002552
002555
002557
002562
002567
002574
002595
002596
002599
002610
002611
002618
002626
002629
002635
002639
002642
002643
002649
002650
002652
002657
002658
002665
002669
002681
002683
002688
002694
002697
002705
002706
002708
002716
002721
002727
002729
002733
002736
002741
002743
002747
002748
002752
002776
002787
002796
002799
002800
002801
002807
002808
002809
002821
002826
002830
002837
002840
002842
002848
002852
002857
002862
002867
002872
002873
002877
002881
002892
002899
002906
002916
002920
002926
002933
002939
002949
002956
002966
002968
002969
002970
002971
002973
002980
002990
002991
002992
002993
002996
003004
003010
003013
003015
003016
003023
003036
003042
300004
300005
300006
300013
300021
300034
300042
300055
300059
300061
300065
300073
300074
300075
300078
300082
300083
300084
300085
300092
300098
300111
300115
300116
300117
300121
300122
300124
300126
300131
300137
300143
300155
300159
300160
300161
300162
300163
300167
300170
300174
300178
300184
300188
300190
300191
300193
300200
300205
300206
300210
300213
300217
300219
300223
300224
300228
300232
300238
300241
300242
300243
300248
300256
300263
300267
300280
300288
300292
300305
300306
300310
300312
300320
300324
300331
300332
300335
300339
300343
300346
300350
300354
300357
300359
300368
300376
300379
300381
300387
300388
300393
300400
300411
300420
300425
300432
300436
300437
300438
300440
300447
300454
300457
300461
300462
300468
300471
300474
300475
300476
300480
300488
300493
300498
300499
300503
300504
300507
300531
300546
300547
300548
300550
300551
300558
300560
300577
300581
300592
300593
300594
300596
300597
300600
300601
300603
300608
300615
300619
300630
300632
300633
300635
300638
300640
300643
300650
300651
300655
300659
300685
300689
300696
300709
300710
300712
300715
300735
300736
300737
300739
300740
300741
300752
300768
300769
300771
300777
300781
300793
300795
300801
300809
300815
300818
300829
300855
300858
300867
300872
300878
300897
300900
300902
300939
300947
300953
300971
300973
300975
300976
300982
300986
300993
300997
301006
301020
301021
301024
301033
301039
301046
301065
301066
301072
301073
301079
301083
301088
301089
301090
301091
301180
600009
600012
600031
600032
600038
600039
600061
600063
600073
600075
600078
600081
600082
600084
600090
600093
600095
600100
600105
600107
600108
600109
600111
600115
600123
600127
600131
600132
600138
600145
600146
600150
600151
600155
600159
600163
600168
600169
600170
600183
600212
600216
600220
600223
600229
600233
600239
600256
600257
600258
600260
600266
600268
600272
600273
600275
600283
600287
600288
600290
600305
600310
600328
600333
600335
600343
600348
600353
600358
600366
600380
600383
600385
600391
600397
600399
600403
600409
600418
600422
600425
600435
600439
600452
600455
600462
600468
600470
600477
600483
600488
600495
600497
600506
600508
600509
600515
600517
600525
600529
600546
600555
600567
600569
600570
600572
600578
600579
600585
600586
600593
600601
600602
600608
600610
600613
600617
600618
600621
600622
600624
600636
600644
600663
600664
600667
600675
600685
600690
600708
600713
600722
600732
600735
600740
600745
600750
600754
600757
600760
600765
600768
600776
600777
600804
600805
600809
600810
600814
600816
600821
600824
600829
600834
600838
600844
600848
600850
600851
600853
600854
600855
600864
600868
600874
600884
600889
600893
600894
600897
600898
600903
600926
600928
600929
600935
600955
600958
600967
600968
600970
600987
600988
600995
600997
600999
601007
601011
601016
601019
601038
601058
601106
601108
601113
601117
601128
601162
601166
601177
601179
601188
601208
601211
601218
601233
601318
601336
601377
601388
601390
601456
601519
601598
601600
601608
601615
601628
601636
601658
601668
601669
601688
601700
601717
601778
601788
601799
601828
601868
601878
601898
601901
601908
601918
601928
601949
601956
601963
601995
603009
603010
603018
603019
603022
603025
603026
603039
603042
603066
603068
603076
603077
603078
603089
603095
603101
603121
603129
603136
603138
603139
603157
603158
603159
603177
603179
603183
603187
603189
603227
603229
603233
603236
603259
603266
603269
603278
603289
603300
603301
603303
603309
603313
603320
603322
603324
603329
603337
603345
603353
603356
603357
603379
603383
603393
603396
603477
603507
603508
603533
603535
603555
603579
603586
603596
603601
603615
603628
603629
603650
603667
603676
603680
603686
603688
603690
603693
603698
603700
603703
603706
603713
603718
603725
603726
603733
603738
603755
603757
603759
603787
603801
603803
603815
603816
603818
603866
603876
603882
603883
603906
603926
603929
603931
603959
603966
603967
603977
603979
603985
603989
603992
603993
603995
603998
605001
605005
605028
605055
605056
605060
605066
605077
605080
605081
605086
605100
605108
605123
605128
605133
605138
605183
605188
605208
605298
605299
605333
605368
605398
605399
605566
605580
605598
605599
688013
688016
688026
688039
688055
688067
688079
688080
688082
688087
688091
688092
688093
688095
688103
688105
688106
688129
688131
688135
688138
688148
688159
688161
688169
688177
688189
688195
688200
688201
688202
688211
688218
688260
688288
688300
688309
688314
688315
688318
688329
688330
688338
688339
688358
688378
688383
688393
688396
688418
688466
688505
688508
688510
688518
688533
688553
688557
688567
688580
688608
688665
688667
688669
688683
688685
688728
688776
688788
688789
688819
