000012
000050
000061
000068
000078
000090
000426
000428
000430
000503
000506
000518
000528
000538
000541
000544
000550
000567
000568
000571
000611
000629
000633
000661
000677
000687
000697
000702
000703
000708
000709
000710
000713
000728
000733
000738
000776
000790
000798
000800
000818
000820
000828
000833
000835
000848
000858
000869
000875
000878
000888
000902
000931
000936
000949
000951
000952
000976
000978
001215
001696
001872
002017
002030
002038
002040
002041
002065
002067
002073
002075
002087
002092
002094
002105
002111
002119
002122
002126
002136
002140
002149
002158
002162
002170
002171
002172
002173
002175
002180
002182
002201
002212
002230
002232
002256
002258
002262
002265
002286
002287
002295
002296
002303
002304
002323
002328
002330
002337
002352
002361
002365
002384
002416
002430
002442
002444
002449
002451
002459
002476
002478
002479
002480
002481
002485
002491
002496
002505
002524
002530
002535
002540
002544
002553
002558
002569
002571
002582
002583
002585
002594
002595
002601
002610
002615
002648
002660
002661
002678
002687
002694
002699
002700
002715
002721
002726
002734
002739
002743
002745
002748
002750
002753
002755
002762
002765
002777
002782
002788
002790
002793
002810
002815
002824
002839
002847
002848
002853
002862
002865
002885
002898
002900
002906
002918
002931
002932
002938
002939
002940
002957
002960
002963
002967
002977
002978
002986
002989
002990
002998
003002
003011
003026
300019
300021
300030
300034
300038
300041
300054
300056
300065
300079
300087
300096
300098
300101
300112
300123
300143
300151
300165
300170
300175
300182
300189
300200
300202
300203
300207
300214
300220
300227
300230
300235
300238
300247
300252
300271
300273
300280
300282
300285
300296
300301
300302
300318
300330
300331
300339
300345
300350
300356
300357
300366
300369
300371
300373
300379
300381
300404
300405
300406
300414
300423
300434
300446
300457
300463
300474
300477
300480
300489
300496
300503
300504
300530
300539
300562
300573
300587
300589
300590
300595
300599
300610
300615
300632
300655
300657
300661
300664
300666
300688
300692
300696
300705
300711
300727
300740
300741
300753
300755
300762
300767
300772
300774
300777
300782
300785
300786
300793
300799
300811
300817
300818
300820
300821
300852
300856
300869
300873
300875
300878
300899
300900
300913
300915
300928
300931
300965
300973
300979
300986
300993
301021
301033
301043
301047
301058
301060
301071
301079
301093
600006
600009
600012
600027
600029
600038
600039
600054
600055
600059
600060
600076
600084
600093
600095
600112
600113
600135
600166
600171
600184
600189
600196
600200
600203
600206
600207
600211
600221
600222
600227
600238
600241
600252
600255
600258
600267
600268
600273
600275
600285
600301
600309
600316
600326
600351
600372
600408
600409
600415
600428
600433
600459
600470
600478
600487
600490
600513
600516
600519
600520
600521
600522
600528
600529
600530
600552
600572
600575
600576
600577
600582
600587
600589
600624
600643
600664
600667
600682
600696
600705
600711
600722
600729
600735
600737
600742
600746
600760
600764
600768
600787
600789
600796
600801
600825
600826
600843
600848
600851
600855
600862
600863
600865
600876
600883
600885
600886
600894
600895
600909
600926
600962
600966
600979
600984
600985
601007
601008
601011
601021
601028
601107
601113
601128
601137
601211
601229
601333
601577
601606
601615
601702
601717
601766
601838
601865
601872
601877
601989
601990
603016
603029
603043
603076
603098
603103
603105
603108
603128
603133
603167
603188
603198
603199
603225
603226
603227
603229
603256
603267
603268
603298
603320
603323
603330
603336
603337
603345
603359
603366
603367
603387
603392
603408
603519
603535
603536
603538
603567
603568
603583
603590
603602
603605
603612
603667
603668
603686
603699
603707
603718
603725
603727
603733
603788
603809
603816
603818
603822
603826
603839
603848
603867
603885
603889
603890
603915
603919
603936
603948
603959
603966
603970
605006
605020
605060
605068
605080
605088
605089
605099
605111
605116
605123
605128
605168
605183
605186
605319
605336
605338
605339
605589
688003
688009
688012
688016
688019
688025
688028
688036
688037
688057
688059
688068
688070
688078
688093
688095
688099
688100
688101
688103
688106
688109
688111
688122
688123
688127
688135
688148
688160
688191
688200
688222
688260
688269
688276
688285
688289
688301
688303
688308
688310
688368
688389
688468
688488
688508
688519
688536
688550
688553
688566
688577
688586
688609
688636
688639
688667
688682
688686
688722
688768
688772
688787
688799
