000002
000009
000012
000030
000058
000502
000513
000545
000546
000548
000561
000572
000679
000690
000702
000715
000792
000833
000955
000973
002083
002097
002136
002186
002193
002204
002215
002299
002309
002344
002383
002391
002395
002408
002438
002466
002488
002497
002516
002619
002688
002715
002733
002756
002796
002810
002853
002872
002880
002884
002893
002918
003020
300004
300055
300067
300073
300083
300170
300214
300298
300374
300377
300391
300401
300409
300439
300523
300530
300539
300542
300692
300761
300772
300820
300864
300888
600079
600113
600161
600173
600299
600326
600332
600380
600500
600511
600522
600547
600713
600750
600754
600847
600867
600877
600962
600965
601002
601058
601069
601088
601177
601186
601228
601601
601668
601908
603069
603100
603118
603156
603167
603185
603187
603260
603356
603359
603363
603383
603392
603538
603590
603600
603602
603605
603611
603628
603681
603685
603725
603916
603938
603980
603995
605117
605259
688006
688009
688016
688071
688101
688235
688305
688553
688561
688566
