000078
000417
000419
000538
000565
000603
000610
000650
000859
000908
000931
000950
000963
001979
002007
002022
002030
002033
002083
002159
002229
002251
002254
002259
002264
002277
002318
002344
002346
002391
002393
002415
002416
002421
002422
002433
002435
002437
002507
002555
002561
002577
002589
002595
002739
002788
002793
002802
002815
002867
002910
002928
002993
300003
300009
300021
300031
300110
300134
300179
300225
300233
300254
300287
300434
300437
300449
300511
300529
300571
300583
300624
300676
300684
300783
300858
300908
300942
300991
301092
600009
600054
600056
600062
600276
600280
600299
600343
600436
600478
600501
600528
600535
600557
600563
600594
600597
600682
600694
600745
600750
600778
600789
600814
600850
600859
600882
600917
600967
600977
600998
601360
601595
601888
601933
603043
603053
603056
603103
603444
603501
603538
603567
603686
603708
603737
603900
605089
605188
605218
688093
688232
688239
688418
688526
688553
688625
