000006
000017
000069
000333
000430
000517
000532
000536
000539
000543
000560
000605
000639
000656
000701
000732
000800
000856
000888
000900
000910
000915
000926
000928
001210
001288
001965
002009
002024
002033
002050
002062
002081
002083
002084
002087
002137
002144
002146
002173
002186
002277
002285
002314
002315
002345
002367
002369
002390
002422
002457
002462
002479
002541
002612
002628
002677
002713
002737
002787
002830
002883
002899
002948
002966
003816
300012
300120
300122
300173
300194
300286
300288
300426
300435
300451
300474
300504
300558
300597
300603
300615
300622
300632
300650
300654
300715
300785
300790
300792
300829
300838
300889
300897
300983
600020
600037
600050
600055
600056
600070
600121
600186
600207
600269
600320
600321
600326
600368
600498
600508
600527
600606
600622
600640
600649
600690
600697
600755
600776
600792
600804
600838
600866
600916
600985
600998
601006
601007
601028
601068
601107
601187
601200
601390
601518
601601
601777
601789
601808
601860
601939
601985
603038
603083
603099
603118
603133
603167
603183
603226
603233
603260
603309
603318
603506
603508
603515
603590
603600
603661
603700
603709
603798
603822
603828
603848
603855
603980
605056
605100
605162
605188
605377
688266
688305
688321
688526
688536
688679
