000001
000009
000027
000037
000063
000159
000338
000409
000488
000502
000530
000537
000543
000591
000600
000601
000626
000633
000685
000690
000702
000710
000713
000719
000731
000751
000759
000761
000798
000807
000811
000818
000826
000829
000839
000861
000868
000878
000883
000893
000899
000906
000929
000955
000958
000960
000970
000980
000981
001203
001206
001219
001696
001872
002002
002019
002039
002040
002041
002044
002053
002059
002101
002105
002110
002114
002117
002123
002130
002142
002167
002168
002179
002186
002221
002223
002226
002229
002239
002240
002242
002245
002268
002281
002284
002286
002290
002295
002297
002301
002328
002331
002334
002337
002340
002346
002367
002373
002383
002388
002395
002400
002405
002416
002424
002458
002461
002476
002480
002487
002532
002535
002540
002549
002561
002562
002578
002579
002581
002590
002598
002616
002631
002661
002664
002687
002688
002703
002709
002721
002727
002734
002738
002746
002748
002756
002767
002769
002770
002780
002792
002802
002810
002816
002819
002823
002826
002835
002850
002866
002875
002878
002890
002896
002915
002919
002923
002960
002963
002967
002971
002977
002986
002988
003004
003011
003017
003019
300007
300011
300014
300030
300033
300037
300046
300047
300048
300049
300064
300065
300070
300073
300087
300096
300097
300105
300118
300126
300129
300130
300134
300137
300139
300141
300150
300153
300165
300173
300179
300185
300187
300200
300218
300220
300231
300247
300264
300274
300284
300293
300294
300304
300308
300329
300331
300341
300343
300344
300346
300348
300350
300354
300363
300367
300368
300370
300371
300375
300387
300390
300393
300397
300398
300404
300408
300412
300415
300421
300430
300438
300439
300442
300443
300455
300463
300464
300465
300471
300472
300480
300501
300508
300511
300515
300517
300521
300528
300536
300537
300538
300579
300598
300600
300604
300605
300608
300610
300613
300623
300625
300629
300642
300643
300645
300652
300674
300682
300690
300694
300698
300718
300724
300727
300742
300747
300748
300761
300763
300765
300769
300780
300781
300789
300810
300817
300818
300822
300825
300827
300837
300838
300842
300849
300850
300851
300863
300864
300872
300886
300893
300900
300908
300925
300931
300932
300937
300943
300951
300955
300956
300961
300963
300965
300972
300981
300998
301000
301004
301006
301007
301015
301021
301025
301033
301043
301045
301047
301048
301050
301055
301058
301059
301063
301070
301083
301093
301111
600006
600007
600010
600021
600027
600028
600037
600038
600052
600070
600073
600075
600078
600090
600101
600110
600113
600117
600123
600135
600161
600163
600183
600190
600201
600218
600219
600255
600257
600259
600260
600262
600276
600283
600306
600310
600312
600318
600331
600338
600348
600359
600371
600376
600388
600392
600396
600399
600468
600483
600486
600491
600505
600509
600529
600530
600531
600549
600561
600566
600577
600578
600582
600584
600592
600599
600641
600643
600644
600650
600679
600688
600694
600699
600702
600714
600737
600758
600760
600761
600767
600768
600831
600836
600859
600862
600863
600865
600873
600886
600888
600893
600901
600958
600961
600966
600969
600979
600986
600988
601008
601009
601012
601019
601108
601127
601166
601222
601279
601330
601600
601609
601615
601633
601669
601689
601698
601799
601881
601882
601898
601899
601908
601929
601939
603029
603033
603038
603039
603042
603050
603060
603068
603078
603081
603099
603113
603123
603133
603166
603179
603181
603183
603185
603198
603203
603220
603223
603232
603236
603267
603286
603298
603305
603322
603328
603345
603351
603355
603363
603366
603392
603429
603456
603486
603517
603529
603536
603578
603590
603602
603606
603610
603612
603613
603617
603618
603628
603636
603639
603678
603685
603703
603725
603730
603768
603788
603799
603806
603809
603818
603843
603859
603882
603919
603958
603960
603976
603980
603989
605006
605058
605066
605086
605090
605098
605155
605167
605180
605289
605336
605369
605377
605389
605488
605577
688001
688003
688005
688012
688022
688029
688058
688059
688076
688080
688092
688095
688099
688100
688101
688111
688122
688135
688138
688159
688161
688187
688195
688200
688202
688211
688216
688266
688280
688309
688310
688312
688313
688317
688335
688336
688358
688395
688456
688468
688499
688500
688510
688518
688520
688555
688556
688579
688586
688588
688600
688617
688626
688630
688655
688668
688669
688676
688685
688697
688718
688722
688778
688799
