000021
000031
000548
000567
000875
000997
001213
002053
002118
002177
002334
002339
002364
002398
002517
002540
002560
002565
002602
002683
002742
002802
002831
002932
002953
300001
300052
300062
300084
300116
300141
300159
300215
300238
300386
300482
300491
300498
300526
300527
300541
300552
300658
300703
300712
300742
300836
300872
300941
300967
600091
600125
600130
600300
600444
600505
600509
600639
600738
600765
600787
600797
600848
600993
601179
601968
603123
603126
603239
603488
603530
603666
603825
603861
603882
603887
603966
605186
605319
688068
