000001
000004
000005
000016
000020
000027
000032
000034
000039
000049
000089
000150
000156
000157
000158
000407
000423
000426
000429
000503
000514
000538
000539
000561
000586
000589
000600
000611
000622
000626
000632
000669
000676
000692
000710
000723
000736
000761
000762
000795
000800
000810
000811
000815
000823
000829
000835
000852
000877
000878
000880
000889
000912
000915
000917
000919
000922
000928
000959
000966
000982
000988
001201
001206
001210
002004
002008
002020
002021
002038
002054
002057
002060
002065
002068
002074
002088
002099
002102
002115
002119
002120
002122
002124
002129
002151
002153
002156
002171
002174
002182
002185
002191
002203
002215
002221
002241
002249
002250
002255
002256
002261
002262
002268
002273
002274
002281
002283
002287
002298
002309
002311
002315
002317
002323
002347
002352
002361
002365
002369
002371
002384
002390
002407
002422
002425
002436
002448
002453
002458
002462
002465
002480
002484
002490
002514
002517
002522
002527
002538
002544
002555
002556
002558
002566
002578
002583
002584
002588
002606
002608
002622
002634
002636
002637
002639
002643
002651
002655
002669
002716
002724
002728
002733
002738
002741
002745
002749
002751
002756
002774
002795
002806
002815
002817
002818
002821
002837
002845
002847
002850
002855
002863
002865
002868
002872
002873
002876
002879
002880
002885
002891
002905
002908
002911
002916
002920
002935
002942
002952
002975
003010
003015
003023
003029
300005
300011
300014
300017
300024
300027
300034
300036
300054
300070
300076
300079
300082
300084
300085
300088
300093
300097
300106
300109
300113
300132
300143
300148
300157
300162
300164
300166
300174
300182
300188
300191
300199
300204
300207
300213
300225
300228
300229
300232
300236
300242
300255
300257
300263
300271
300289
300296
300304
300305
300311
300314
300315
300325
300326
300327
300328
300331
300335
300346
300356
300378
300380
300381
300382
300383
300396
300400
300405
300408
300409
300417
300436
300459
300462
300465
300468
300471
300472
300473
300474
300485
300489
300491
300499
300501
300505
300514
300518
300519
300528
300537
300540
300549
300558
300559
300561
300565
300579
300583
300585
300586
300587
300590
300591
300592
300596
300597
300602
300605
300607
300620
300623
300627
300632
300633
300636
300640
300651
300657
300666
300668
300672
300685
300691
300703
300709
300718
300722
300723
300727
300736
300738
300739
300745
300755
300758
300766
300770
300782
300783
300787
300791
300799
300800
300805
300814
300816
300820
300830
300833
300836
300838
300860
300861
300862
300863
300870
300886
300890
300902
300905
300926
300927
300940
300949
300951
300955
300962
300966
300969
300980
300983
300984
300987
300989
300996
301002
301005
301019
301024
301026
301035
301047
301048
301051
301052
301055
301056
301060
301062
301069
301070
301083
301085
301092
301128
301169
600006
600009
600010
600029
600036
600037
600039
600051
600058
600060
600080
600085
600105
600110
600114
600120
600123
600126
600127
600129
600158
600165
600178
600184
600207
600215
600233
600237
600246
600249
600272
600273
600289
600306
600311
600329
600360
600372
600380
600403
600408
600410
600422
600429
600436
600444
600446
600452
600459
600460
600461
600466
600468
600478
600479
600483
600491
600507
600513
600517
600535
600547
600549
600551
600552
600556
600557
600563
600576
600582
600583
600587
600594
600597
600612
600618
600645
600667
600671
600699
600714
600719
600728
600737
600745
600757
600761
600773
600791
600807
600838
600841
600844
600845
600856
600866
600867
600870
600880
600885
600888
600903
600926
600929
600935
600958
600965
600966
600967
600992
600993
600998
601118
601139
601216
601328
601360
601388
601633
601658
601666
601702
601808
601811
601816
601827
601857
601858
601869
601900
601958
601968
603002
603017
603022
603026
603027
603028
603042
603053
603056
603058
603068
603080
603108
603115
603127
603197
603200
603208
603223
603228
603258
603268
603278
603299
603309
603337
603338
603351
603353
603366
603367
603380
603386
603444
603456
603458
603488
603511
603536
603538
603567
603579
603598
603602
603615
603626
603637
603662
603679
603688
603696
603707
603711
603712
603718
603728
603733
603809
603810
603855
603858
603866
603893
603927
603936
603948
603949
603970
603982
603991
603992
603999
605003
605005
605066
605111
605186
605288
605296
605299
605318
605366
605377
605378
605588
605589
605598
688021
688026
688027
688036
688037
688055
688071
688080
688085
688088
688098
688101
688118
688135
688156
688158
688159
688162
688168
688177
688179
688199
688219
688226
688232
688258
688280
688298
688316
688333
688377
688395
688425
688466
688536
688553
688558
688560
688565
688578
688597
688600
688607
688616
688628
688633
688639
688655
688665
688670
688685
688701
688728
688778
688819
