000011
000025
000410
000415
000426
000517
000564
000581
000652
000710
000720
000755
000762
000777
000826
000851
000903
000913
000917
000921
000928
000967
000969
001201
002003
002004
002011
002015
002022
002036
002046
002075
002093
002095
002099
002106
002131
002139
002147
002149
002154
002156
002174
002204
002206
002216
002223
002250
002261
002285
002293
002301
002315
002328
002341
002367
002368
002376
002389
002402
002405
002444
002449
002461
002487
002501
002519
002533
002543
002545
002557
002579
002588
002589
002603
002609
002614
002624
002641
002649
002653
002697
002727
002747
002773
002785
002818
002829
002847
002881
002901
002918
002932
002950
002957
002960
002969
002984
002996
003026
003039
300009
300024
300036
300083
300114
300116
300119
300145
300151
300158
300177
300181
300188
300196
300203
300225
300226
300227
300232
300236
300241
300261
300263
300303
300307
300317
300318
300322
300324
300348
300352
300355
300360
300366
300369
300377
300379
300388
300394
300395
300418
300435
300436
300444
300456
300458
300485
300510
300527
300531
300576
300577
300589
300593
300614
300617
300618
300663
300671
300679
300690
300725
300735
300774
300775
300776
300785
300831
300870
300873
300875
300966
300985
300996
301035
301046
301080
301082
301090
301188
600006
600066
600158
600160
600162
600179
600189
600190
600200
600201
600211
600216
600248
600271
600299
600312
600337
600338
600369
600372
600391
600409
600420
600435
600446
600478
600490
600528
600529
600545
600550
600552
600572
600587
600610
600664
600667
600682
600699
600715
600726
600742
600750
600751
600773
600789
600869
600876
600879
600881
600909
600916
600955
600963
600966
600976
600981
600984
600988
600998
601020
601108
601179
601226
601231
601555
601577
601588
601611
601696
603100
603123
603129
603156
603179
603189
603236
603283
603299
603300
603324
603355
603358
603368
603379
603508
603520
603529
603596
603599
603605
603611
603658
603662
603686
603690
603728
603888
603896
603897
603927
603989
605080
605179
605186
605266
605305
605376
605555
688007
688083
688091
688121
688158
688162
688179
688195
688196
688198
688277
688278
688298
688317
688318
688323
688336
688356
688399
688468
688520
688551
688553
688560
688658
688697
688699
688700
688789
