000423
000852
000928
002008
002088
002099
002120
002249
002287
002311
002317
002453
002517
002639
002643
002741
002806
002837
002880
002916
002935
002942
002975
300076
300093
300109
300164
300188
300228
300325
300519
300579
300583
300586
300587
300627
300636
300709
300738
300791
300860
300861
301047
600080
600129
600165
600233
600237
600273
600306
600380
600444
600452
600535
600645
600745
600935
600967
601666
601869
603258
603278
603579
603733
603855
603858
603893
603982
605111
605589
688021
688026
688088
688158
688159
688177
688199
688226
688298
688316
688333
688553
688639
