000005
000010
000014
000028
000036
000049
000050
000055
000063
000069
000089
000158
000159
000166
000338
000400
000402
000420
000429
000501
000504
000509
000510
000521
000529
000534
000538
000557
000559
000560
000563
000581
000589
000605
000606
000608
000610
000612
000613
000615
000620
000638
000639
000651
000656
000659
000667
000669
000677
000683
000685
000698
000700
000702
000703
000712
000715
000717
000728
000732
000735
000737
000750
000755
000756
000758
000761
000762
000776
000777
000788
000795
000806
000809
000811
000821
000822
000837
000848
000863
000892
000893
000902
000908
000911
000925
000932
000937
000970
000973
000978
000980
000985
000987
000990
000999
001202
001914
001979
002006
002015
002022
002028
002029
002035
002039
002054
002059
002062
002065
002069
002074
002075
002083
002084
002087
002095
002098
002101
002103
002109
002111
002112
002120
002121
002124
002125
002130
002132
002133
002137
002148
002159
002163
002166
002167
002174
002182
002183
002195
002200
002209
002213
002217
002234
002235
002237
002241
002244
002249
002250
002264
002274
002277
002283
002284
002288
002289
002293
002294
002295
002298
002305
002306
002318
002321
002322
002325
002326
002327
002331
002337
002340
002345
002351
002355
002358
002367
002369
002372
002375
002381
002398
002400
002401
002402
002411
002416
002419
002428
002429
002430
002441
002443
002447
002452
002464
002472
002476
002478
002479
002481
002489
002504
002505
002508
002511
002517
002520
002527
002528
002531
002539
002543
002544
002546
002548
002550
002558
002560
002561
002562
002566
002567
002573
002574
002576
002578
002585
002587
002588
002589
002595
002605
002616
002638
002642
002644
002647
002658
002666
002674
002677
002678
002688
002692
002693
002697
002700
002701
002705
002706
002709
002712
002714
002716
002721
002735
002737
002752
002755
002761
002770
002773
002775
002776
002778
002787
002788
002791
002798
002800
002806
002808
002809
002817
002820
002823
002825
002829
002833
002836
002845
002849
002863
002864
002865
002866
002867
002872
002876
002877
002880
002881
002889
002893
002895
002898
002902
002912
002918
002926
002929
002931
002940
002946
002947
002948
002952
002963
002968
002980
002983
002991
003002
003003
003005
003007
003009
003012
003015
003020
003025
003036
300033
300037
300038
300045
300048
300059
300062
300069
300074
300083
300084
300093
300096
300108
300111
300115
300119
300120
300129
300131
300140
300145
300149
300150
300152
300153
300158
300162
300163
300166
300167
300169
300171
300174
300181
300190
300200
300206
300209
300210
300211
300212
300218
300221
300230
300231
300232
300234
300239
300245
300250
300263
300284
300292
300295
300322
300323
300324
300326
300337
300341
300342
300351
300358
300364
300370
300379
300381
300384
300385
300387
300388
300392
300393
300400
300404
300407
300410
300412
300413
300422
300425
300426
300441
300446
300448
300452
300454
300456
300457
300471
300486
300492
300493
300499
300508
300522
300527
300529
300534
300535
300539
300540
300551
300555
300560
300564
300567
300572
300582
300583
300588
300589
300596
300597
300603
300615
300625
300626
300632
300637
300638
300641
300647
300650
300653
300664
300671
300692
300693
300696
300706
300710
300711
300737
300739
300743
300745
300746
300747
300748
300757
300758
300759
300761
300768
300780
300785
300786
300792
300797
300798
300803
300807
300808
300818
300823
300825
300826
300830
300836
300850
300855
300856
300862
300865
300867
300868
300870
300871
300873
300877
300879
300887
300889
300897
300898
300911
300917
300923
300929
300930
300935
300951
300959
300961
300964
300972
300979
300985
300992
301001
301006
301008
301015
301018
301024
301031
301046
301051
301056
301073
301080
301091
600007
600018
600019
600022
600027
600031
600037
600048
600056
600058
600060
600061
600066
600070
600072
600073
600076
600081
600082
600088
600106
600107
600108
600111
600127
600132
600135
600136
600139
600149
600156
600159
600160
600161
600165
600169
600176
600184
600186
600192
600210
600218
600220
600229
600234
600239
600242
600256
600259
600268
600273
600277
600283
600300
600305
600307
600309
600311
600313
600322
600323
600328
600331
600337
600340
600345
600355
600358
600362
600369
600371
600379
600382
600390
600393
600409
600419
600420
600444
600446
600449
600459
600462
600466
600467
600475
600477
600478
600489
600498
600510
600515
600516
600518
600525
600526
600531
600532
600533
600540
600550
600555
600557
600560
600562
600569
600570
600580
600585
600588
600589
600595
600596
600612
600613
600617
600618
600623
600630
600645
600649
600652
600658
600685
600692
600693
600697
600698
600706
600707
600715
600719
600724
600728
600738
600739
600748
600750
600759
600773
600776
600777
600778
600781
600782
600783
600791
600804
600805
600814
600815
600820
600824
600827
600828
600829
600831
600860
600866
600876
600881
600883
600888
600890
600897
600906
600908
600909
600916
600926
600955
600958
600965
600970
600984
600987
600998
601021
601058
601068
601077
601098
601099
601108
601118
601162
601169
601198
601208
601226
601236
601238
601258
601319
601330
601336
601339
601375
601390
601456
601512
601555
601577
601595
601599
601606
601678
601686
601696
601717
601799
601808
601860
601865
601878
601881
601901
601919
601928
601929
601952
601958
601969
601997
601998
601999
603007
603012
603022
603032
603038
603039
603042
603060
603083
603090
603115
603118
603128
603133
603136
603157
603187
603192
603199
603213
603218
603221
603236
603238
603239
603256
603259
603266
603269
603283
603299
603300
603308
603317
603322
603323
603327
603339
603366
603368
603378
603390
603506
603515
603519
603551
603555
603579
603587
603595
603601
603608
603610
603655
603656
603658
603662
603687
603696
603706
603708
603719
603738
603755
603768
603790
603797
603803
603823
603828
603833
603848
603858
603866
603869
603871
603881
603888
603889
603896
603898
603899
603926
603929
603931
603939
603948
603958
603959
603966
603970
603985
603989
603990
603998
603999
605007
605033
605056
605066
605069
605088
605089
605108
605151
605178
605188
605218
605255
605286
605298
605299
605305
605337
605365
605368
605369
605376
605398
605488
605500
605507
605588
688008
688015
688017
688019
688022
688028
688050
688060
688065
688067
688086
688089
688090
688118
688121
688122
688126
688135
688138
688156
688159
688160
688168
688177
688178
688181
688200
688216
688228
688239
688260
688268
688305
688309
688318
688319
688328
688336
688338
688339
688355
688360
688368
688383
688388
688398
688418
688466
688508
688513
688520
688528
688536
688550
688555
688558
688565
688571
688628
688655
688659
688665
688667
688668
688683
688687
688690
688697
688701
688766
688772
688778
688800
