000048
000063
000150
000153
000338
000407
000561
000598
000613
000619
000631
000636
000651
000663
000702
002050
002069
002088
002098
002162
002242
002266
002303
002380
002403
002440
002447
002478
002702
002742
002745
002761
002780
002791
002818
002820
002829
002846
002875
002926
002977
002989
003004
003023
003030
300051
300396
300401
300435
300492
300558
300562
300587
300616
300638
300674
300697
300710
300715
300726
300801
300911
300925
300937
301017
301033
301035
600004
600037
600115
600139
600165
600168
600206
600258
600278
600300
600378
600521
600548
600615
600635
600720
600737
600739
600741
600767
600781
600790
600885
600894
600929
601139
601186
601216
601390
601616
601816
603058
603169
603183
603213
603225
603328
603408
603488
603579
603658
603706
603730
603859
603969
603990
605003
605338
688006
688070
688367
688508
688569
688658
688793
