000049
000060
000151
000155
000166
000301
000430
000488
000498
000505
000510
000531
000553
000566
000572
000584
000607
000639
000668
000685
000688
000705
000713
000717
000723
000733
000735
000737
000751
000759
000761
000785
000798
000799
000810
000819
000825
000837
000858
000868
000878
000885
000889
000898
000902
000919
000925
000931
000932
000933
000951
000981
000983
000987
001202
001211
002004
002008
002011
002025
002032
002038
002039
002041
002049
002051
002054
002058
002074
002075
002080
002089
002098
002099
002109
002113
002114
002129
002130
002135
002138
002141
002142
002165
002170
002174
002179
002184
002188
002203
002215
002225
002245
002248
002255
002256
002258
002266
002274
002299
002329
002344
002345
002347
002349
002355
002370
002379
002385
002392
002397
002406
002407
002423
002432
002434
002436
002447
002453
002458
002459
002461
002464
002467
002472
002476
002480
002507
002512
002518
002520
002524
002527
002545
002549
002550
002559
002562
002591
002593
002594
002596
002599
002602
002622
002636
002650
002658
002662
002665
002688
002712
002716
002727
002739
002740
002747
002759
002768
002770
002771
002774
002791
002806
002816
002818
002849
002852
002856
002865
002868
002871
002883
002885
002888
002897
002905
002933
002973
002981
002999
003002
003017
003029
300025
300034
300039
300052
300055
300063
300070
300086
300095
300105
300112
300114
300117
300125
300152
300153
300161
300167
300173
300175
300176
300179
300187
300230
300232
300234
300249
300250
300258
300259
300263
300281
300282
300288
300299
300309
300328
300333
300342
300343
300344
300346
300353
300364
300365
300389
300393
300394
300407
300434
300442
300443
300444
300447
300462
300467
300471
300476
300481
300483
300486
300503
300505
300508
300511
300521
300527
300532
300540
300554
300568
300590
300621
300624
300630
300637
300640
300655
300661
300669
300670
300673
300687
300696
300721
300752
300756
300763
300767
300768
300776
300780
300792
300795
300807
300808
300810
300814
300818
300821
300822
300844
300846
300849
300852
300864
300890
300895
300918
300919
300929
300935
300936
300939
300943
300946
300948
300957
300964
300965
300971
300973
300976
301001
301004
301006
301007
301011
301019
301020
301031
301032
301043
301045
301053
301055
301057
301067
301068
301069
301087
301099
600012
600019
600036
600050
600053
600061
600062
600075
600079
600085
600097
600099
600107
600114
600122
600123
600138
600141
600157
600179
600184
600200
600233
600235
600243
600273
600278
600285
600291
600295
600297
600307
600319
600327
600351
600352
600354
600359
600360
600361
600362
600390
600395
600400
600415
600433
600436
600439
600446
600455
600460
600496
600519
600546
600559
600561
600566
600577
600582
600583
600590
600592
600598
600605
600608
600611
600618
600639
600640
600643
600649
600650
600660
600662
600688
600702
600720
600739
600759
600777
600783
600822
600823
600844
600846
600856
600857
600873
600876
600881
600887
600892
600893
600894
600897
600903
600919
600928
600929
600956
600963
600971
600975
600985
600987
600997
600998
601015
601101
601118
601139
601155
601168
601216
601225
601226
601229
601330
601333
601339
601398
601595
601606
601611
601677
601686
601696
601766
601798
601800
601801
601808
601857
601869
601882
601898
601918
601933
601939
601952
601988
601996
603013
603032
603035
603038
603078
603081
603085
603095
603098
603100
603108
603109
603118
603138
603155
603166
603177
603180
603189
603218
603258
603279
603297
603299
603318
603319
603322
603338
603348
603353
603356
603367
603388
603396
603398
603458
603506
603517
603528
603529
603535
603568
603569
603583
603596
603600
603610
603616
603630
603636
603655
603693
603697
603729
603733
603739
603776
603779
603813
603822
603848
603868
603871
603879
603889
603903
603915
603919
603922
603960
603976
603977
603995
605151
605166
605167
605169
605180
605259
605266
605296
605377
605378
605399
605488
605507
605555
605588
688002
688007
688010
688026
688039
688059
688063
688065
688067
688092
688166
688182
688188
688199
688208
688215
688216
688219
688228
688233
688266
688269
688308
688315
688360
688511
688513
688536
688557
688559
688565
688568
688577
688589
688597
688618
688622
688628
688633
688659
688679
688682
688683
688733
688772
688981
