000016
000040
000056
000153
000548
000571
000573
000688
000768
000861
000881
000882
000996
002003
002023
002061
002085
002101
002207
002219
002240
002263
002324
002361
002401
002439
002465
002492
002542
002639
002650
002652
002667
002683
002694
002802
002820
002899
002921
002949
003816
300091
300140
300151
300168
300202
300247
300335
300344
300373
300420
300423
300480
300520
300564
300712
300761
300993
301080
600011
600027
600035
600080
600101
600135
600148
600184
600217
600232
600236
600257
600279
600292
600368
600385
600428
600458
600501
600560
600582
600605
600611
600639
600674
600711
600760
600780
600791
600833
600855
601019
601106
601360
601518
601598
601878
601952
601985
603226
603357
603368
603608
603657
603698
603919
603933
603986
605598
688311
