000045
000301
000504
000525
000545
000559
000676
000695
000700
000802
000951
000953
000960
002045
002074
002085
002095
002158
002188
002255
002273
002293
002308
002407
002418
002428
002447
002535
002536
002539
002545
002590
002594
002609
002742
002756
002780
002781
002829
002971
003036
300005
300118
300126
300137
300305
300376
300428
300533
300535
300557
300567
300641
300643
300717
300777
300801
300805
300821
300859
300915
300932
300970
600111
600137
600210
600217
600219
600295
600303
600546
600566
600725
600960
600962
600969
601233
601811
603050
603081
603095
603100
603109
603169
603225
603258
603329
603388
603399
603507
603536
603568
603687
603738
603799
603803
603871
605358
688039
688063
688196
688208
688218
688239
688301
688323
688339
688357
688707
