000009
000045
000056
000062
000066
000090
000099
000100
000157
000166
000401
000408
000415
000422
000425
000429
000498
000525
000526
000532
000558
000568
000584
000587
000589
000612
000619
000622
000650
000671
000685
000687
000725
000728
000729
000731
000739
000756
000776
000783
000792
000799
000810
000811
000883
000887
000899
000911
000923
000929
000953
000958
000959
000960
000988
000989
000997
001209
001896
001965
002001
002009
002011
002013
002021
002031
002034
002035
002044
002049
002051
002052
002065
002067
002078
002091
002105
002106
002129
002151
002164
002167
002173
002176
002185
002192
002199
002206
002222
002229
002240
002262
002275
002279
002281
002284
002294
002299
002313
002328
002331
002334
002352
002367
002371
002380
002389
002392
002396
002404
002407
002411
002415
002420
002424
002430
002434
002439
002440
002445
002458
002460
002464
002490
002497
002500
002501
002511
002519
002541
002543
002555
002556
002568
002579
002591
002609
002610
002612
002619
002627
002631
002632
002633
002640
002649
002656
002673
002675
002687
002694
002713
002724
002726
002736
002738
002747
002759
002774
002796
002810
002820
002821
002832
002841
002845
002849
002851
002852
002881
002887
002890
002896
002899
002903
002917
002922
002923
002939
002948
002949
002968
002969
002975
002979
002985
002997
003004
003005
003016
003028
300012
300033
300035
300037
300047
300050
300057
300059
300073
300082
300092
300099
300130
300131
300146
300164
300173
300179
300192
300204
300219
300221
300229
300233
300240
300251
300253
300269
300281
300284
300294
300296
300301
300310
300320
300322
300327
300333
300345
300346
300348
300349
300363
300367
300375
300379
300380
300383
300387
300392
300396
300400
300409
300411
300418
300425
300441
300445
300449
300450
300453
300454
300470
300471
300474
300476
300487
300493
300498
300525
300537
300538
300540
300548
300549
300557
300559
300565
300569
300573
300575
300576
300588
300602
300617
300618
300625
300629
300631
300634
300651
300656
300659
300672
300674
300676
300681
300686
300708
300712
300721
300727
300730
300731
300733
300740
300743
300752
300760
300767
300768
300780
300787
300790
300802
300817
300827
300828
300832
300842
300846
300848
300851
300855
300856
300861
300862
300869
300872
300877
300884
300890
300894
300896
300897
300900
300910
300931
300942
300949
300956
300965
300972
300973
300982
300986
300996
301021
301058
301061
301065
301069
301092
600008
600015
600026
600030
600031
600035
600038
600039
600050
600070
600072
600095
600098
600106
600110
600114
600118
600122
600123
600132
600135
600136
600139
600143
600150
600165
600171
600177
600183
600196
600207
600221
600242
600246
600258
600260
600269
600310
600316
600319
600326
600330
600336
600351
600355
600360
600367
600368
600371
600385
600389
600395
600428
600449
600455
600456
600458
600460
600469
600487
600489
600498
600500
600509
600516
600522
600531
600543
600552
600563
600570
600571
600578
600584
600589
600612
600616
600621
600639
600651
600667
600698
600710
600711
600728
600734
600741
600745
600746
600760
600764
600766
600773
600779
600787
600835
600848
600859
600861
600879
600894
600898
600962
600969
600988
600993
600999
601012
601019
601117
601118
601163
601177
601186
601188
601211
601222
601236
601288
601318
601326
601328
601336
601398
601577
601598
601615
601618
601658
601668
601669
601688
601698
601808
601882
601901
601939
601988
601989
601990
601995
603003
603012
603015
603018
603031
603038
603041
603055
603056
603095
603099
603100
603106
603115
603116
603138
603158
603188
603198
603203
603214
603218
603232
603236
603260
603268
603297
603308
603321
603332
603365
603369
603380
603398
603456
603486
603488
603508
603520
603528
603551
603559
603566
603578
603580
603583
603585
603587
603588
603589
603599
603605
603606
603607
603609
603610
603639
603656
603658
603659
603662
603678
603681
603712
603716
603727
603776
603786
603790
603798
603799
603803
603810
603822
603823
603839
603879
603882
603893
603915
603916
603918
603933
603968
603969
603983
603985
603992
605018
605033
605060
605090
605116
605117
605198
605218
605286
605299
605377
688002
688010
688012
688013
688026
688030
688056
688059
688068
688069
688076
688086
688089
688091
688095
688096
688107
688109
688129
688133
688135
688165
688168
688169
688179
688180
688211
688217
688218
688221
688228
688233
688257
688258
688299
688313
688318
688321
688336
688358
688365
688378
688390
688398
688456
688499
688521
688536
688551
688558
688571
688598
688599
688607
688621
688622
688633
688636
688680
688683
688685
688689
688711
688772
688777
688787
