000037
000338
000530
000601
000690
000798
000878
000955
002041
002101
002114
002179
002186
002223
002239
002268
002328
002334
002487
002532
002535
002540
002562
002578
002661
002664
002688
002703
002780
002960
300007
300011
300065
300129
300165
300264
300304
300354
300363
300408
300472
300480
300623
300682
300718
300742
300851
300863
301007
301050
301063
600028
600073
600201
600219
600255
600257
600359
600483
600531
600582
600758
600761
600863
600886
600888
600893
600961
600979
601222
601330
601609
601881
601899
601929
603113
603179
603267
603286
603345
603363
603618
603628
603678
603768
603788
603806
603818
603843
603960
605155
605167
688111
688122
688266
688518
688555
688556
688655
