000009
000010
000019
000021
000035
000037
000063
000065
000078
000089
000099
000153
000155
000158
000404
000417
000419
000426
000428
000488
000502
000518
000520
000528
000530
000533
000538
000541
000550
000561
000565
000576
000586
000587
000603
000610
000620
000622
000639
000650
000651
000655
000666
000682
000683
000688
000691
000692
000705
000710
000716
000737
000738
000759
000762
000785
000789
000793
000799
000800
000806
000812
000848
000850
000856
000859
000861
000882
000908
000911
000915
000923
000931
000935
000950
000963
000969
000970
001203
001207
001216
001217
001219
001896
001979
002006
002007
002009
002010
002012
002022
002029
002030
002032
002033
002034
002045
002046
002061
002078
002083
002087
002088
002090
002092
002096
002104
002106
002118
002119
002132
002141
002144
002147
002150
002158
002159
002162
002166
002170
002173
002180
002185
002189
002193
002197
002199
002204
002215
002216
002228
002229
002251
002254
002255
002259
002264
002267
002272
002273
002277
002282
002309
002313
002318
002324
002336
002340
002344
002346
002350
002352
002354
002363
002371
002375
002379
002391
002393
002396
002406
002407
002415
002416
002421
002422
002426
002429
002433
002435
002437
002438
002439
002442
002452
002455
002466
002467
002468
002474
002479
002491
002492
002496
002497
002498
002500
002501
002502
002506
002507
002510
002522
002527
002528
002533
002542
002543
002555
002557
002561
002566
002577
002580
002583
002589
002591
002593
002594
002595
002597
002605
002610
002611
002620
002624
002633
002634
002637
002645
002649
002653
002665
002666
002672
002675
002688
002694
002698
002699
002701
002708
002709
002721
002726
002732
002739
002741
002742
002745
002747
002748
002749
002752
002757
002765
002776
002779
002782
002785
002788
002792
002793
002796
002802
002805
002811
002812
002815
002826
002832
002849
002860
002867
002872
002902
002909
002910
002915
002922
002923
002926
002927
002928
002931
002952
002953
002957
002959
002963
002968
002978
002979
002981
002984
002993
003013
003018
003022
003032
003042
300003
300009
300020
300021
300029
300031
300032
300036
300037
300038
300040
300042
300044
300047
300057
300064
300069
300075
300077
300082
300092
300095
300097
300100
300101
300105
300110
300111
300134
300136
300139
300149
300151
300162
300169
300179
300185
300187
300190
300192
300195
300202
300208
300217
300223
300225
300227
300231
300232
300233
300241
300243
300248
300249
300252
300254
300256
300266
300269
300271
300275
300278
300284
300287
300289
300301
300302
300305
300313
300317
300322
300327
300332
300340
300342
300343
300346
300352
300364
300366
300371
300374
300387
300394
300402
300403
300406
300409
300410
300413
300415
300421
300424
300429
300432
300434
300435
300437
300441
300443
300445
300449
300450
300455
300464
300469
300471
300480
300488
300490
300491
300497
300508
300511
300519
300527
300529
300541
300542
300557
300568
300570
300571
300576
300577
300579
300583
300585
300589
300594
300597
300610
300612
300622
300624
300626
300643
300648
300655
300660
300664
300666
300676
300680
300682
300684
300687
300691
300694
300695
300708
300710
300712
300716
300721
300722
300723
300733
300740
300746
300748
300751
300756
300758
300766
300769
300773
300775
300776
300777
300783
300790
300797
300814
300816
300827
300858
300892
300901
300902
300908
300913
300915
300919
300936
300940
300942
300956
300973
300984
300989
300991
300993
300996
300997
301019
301021
301022
301026
301027
301035
301036
301040
301045
301046
301062
301063
301067
301069
301070
301077
301078
301079
301082
301083
301086
301088
301091
301092
301093
301119
301128
301155
301169
301180
600006
600007
600008
600009
600010
600022
600029
600035
600039
600050
600054
600056
600059
600062
600067
600071
600072
600084
600093
600098
600101
600105
600111
600117
600122
600133
600135
600138
600143
600146
600150
600157
600158
600166
600168
600169
600185
600189
600195
600196
600198
600206
600241
600243
600250
600268
600269
600276
600280
600282
600285
600299
600300
600320
600343
600367
600381
600389
600399
600403
600416
600419
600428
600436
600444
600448
600456
600460
600466
600469
600470
600478
600479
600487
600491
600493
600496
600501
600505
600525
600528
600530
600532
600535
600537
600540
600543
600547
600549
600557
600559
600563
600567
600571
600577
600594
600597
600611
600616
600623
600633
600635
600666
600678
600682
600690
600691
600694
600695
600697
600702
600704
600711
600717
600731
600733
600745
600746
600750
600754
600778
600785
600789
600793
600797
600798
600814
600816
600820
600834
600835
600843
600850
600859
600868
600869
600873
600876
600882
600884
600917
600960
600965
600966
600967
600969
600976
600977
600979
600988
600993
600995
600998
601000
601009
601011
601012
601038
601058
601069
601106
601118
601128
601168
601188
601200
601228
601339
601360
601390
601398
601567
601595
601598
601611
601618
601636
601658
601668
601698
601825
601828
601869
601877
601888
601899
601928
601933
601939
601958
601966
601996
603003
603007
603019
603026
603031
603038
603040
603041
603043
603050
603053
603056
603060
603063
603077
603090
603095
603101
603103
603108
603111
603115
603116
603121
603126
603155
603158
603166
603168
603178
603183
603208
603218
603308
603313
603331
603356
603380
603390
603396
603444
603466
603486
603488
603501
603508
603515
603520
603536
603538
603555
603565
603567
603585
603590
603616
603617
603636
603655
603668
603686
603693
603698
603708
603709
603718
603727
603737
603738
603758
603790
603823
603868
603877
603881
603882
603887
603890
603893
603899
603900
603906
603915
603928
603948
603955
603959
603976
603980
603986
603992
603995
603999
605008
605028
605055
605066
605089
605099
605158
605177
605178
605180
605188
605199
605218
605222
605268
605305
605333
605366
605388
605398
605567
605580
605588
688001
688003
688005
688010
688017
688018
688020
688023
688027
688028
688030
688049
688057
688063
688068
688079
688086
688091
688093
688098
688103
688109
688116
688117
688118
688123
688156
688161
688168
688196
688198
688201
688218
688232
688233
688239
688277
688323
688339
688345
688350
688377
688378
688385
688388
688390
688396
688418
688425
688466
688499
688508
688518
688526
688553
688556
688558
688560
688569
688601
688611
688616
688625
688630
688636
688639
688662
688663
688665
688677
688698
688701
688722
688728
688766
688777
688779
688819
