000012
000068
000078
000090
000428
000503
000518
000528
000541
000544
000550
000738
000790
000833
000848
000878
000931
000936
000952
000976
001872
002030
002038
002040
002162
002172
002232
002303
002330
002337
002365
002478
002544
002648
002694
002739
002790
002824
002848
002898
002918
002932
002940
002977
002989
300034
300056
300170
300182
300238
300273
300285
300381
300404
300406
300463
300504
300562
300573
300590
300610
300664
300753
300767
300786
300818
300856
300869
301033
301079
600009
600029
600113
600221
600222
600227
600267
600273
600275
600316
600433
600513
600528
600529
600530
600582
600624
600664
600764
600787
600789
600826
600843
600855
600865
600876
600985
601011
601028
601333
601606
603043
603108
603188
603199
603225
603226
603536
603567
603568
603590
603686
603718
603867
605116
688016
688070
688122
688135
688222
688389
688468
688488
688566
688586
688639
688799
