000006
000008
000021
000025
000027
000040
000046
000061
000063
000066
000150
000402
000407
000416
000503
000514
000516
000517
000537
000539
000547
000548
000552
000557
000558
000560
000561
000565
000573
000593
000603
000605
000608
000632
000661
000692
000695
000711
000720
000732
000739
000753
000779
000791
000795
000801
000818
000826
000837
000851
000856
000858
000875
000883
000886
000888
000889
000897
000901
000909
000912
000913
000918
000925
000935
000952
000953
000960
000965
000966
000969
000975
000976
000978
000980
000982
000983
000988
000996
001207
001211
001213
001216
001217
002001
002002
002010
002015
002033
002034
002037
002039
002055
002062
002065
002077
002079
002086
002089
002096
002118
002126
002131
002133
002154
002157
002159
002185
002190
002192
002202
002208
002215
002217
002228
002234
002239
002263
002276
002278
002282
002284
002295
002302
002305
002307
002309
002315
002317
002318
002332
002335
002350
002354
002360
002364
002366
002368
002372
002376
002384
002387
002389
002390
002394
002395
002408
002422
002424
002428
002435
002437
002441
002447
002451
002452
002459
002460
002461
002466
002469
002473
002484
002486
002495
002497
002500
002510
002515
002521
002524
002529
002542
002544
002545
002547
002554
002557
002561
002564
002566
002573
002574
002576
002577
002579
002581
002596
002598
002610
002616
002628
002638
002647
002651
002657
002667
002675
002676
002681
002685
002686
002689
002690
002713
002719
002727
002730
002737
002755
002756
002773
002776
002791
002793
002795
002815
002816
002817
002821
002827
002841
002842
002843
002848
002857
002862
002865
002867
002885
002887
002893
002898
002901
002905
002908
002916
002925
002940
002950
002967
002969
002973
002993
003004
003008
003009
003020
003035
003042
300001
300004
300008
300009
300021
300026
300033
300053
300059
300062
300069
300084
300092
300093
300095
300100
300108
300116
300117
300119
300120
300126
300135
300139
300143
300144
300147
300157
300160
300169
300172
300176
300179
300185
300205
300211
300222
300224
300228
300235
300239
300254
300261
300269
300272
300273
300274
300297
300303
300304
300305
300320
300326
300330
300331
300337
300341
300342
300346
300347
300356
300363
300376
300389
300398
300400
300412
300416
300441
300445
300474
300488
300491
300496
300498
300510
300519
300523
300527
300534
300536
300538
300552
300581
300605
300612
300614
300618
300625
300638
300645
300662
300669
300670
300671
300675
300678
300682
300685
300690
300693
300700
300702
300709
300717
300723
300725
300736
300740
300742
300755
300759
300763
300782
300788
300789
300801
300803
300820
300827
300836
300840
300851
300854
300862
300867
300876
300882
300885
300889
300897
300903
300907
300912
300920
300923
300936
300943
300945
300952
300959
300963
300981
300989
300995
300999
301015
301021
301032
301059
301063
301070
301077
301083
301087
301088
301090
301092
301119
301133
301149
301155
301180
600009
600010
600012
600020
600027
600032
600033
600039
600054
600059
600071
600073
600075
600076
600079
600081
600094
600099
600101
600106
600110
600118
600125
600129
600135
600156
600159
600161
600168
600171
600172
600177
600183
600186
600190
600191
600199
600207
600212
600220
600222
600246
600248
600260
600266
600276
600278
600280
600283
600287
600291
600319
600327
600332
600333
600335
600340
600366
600368
600381
600383
600388
600397
600399
600422
600438
600446
600449
600468
600482
600488
600499
600502
600508
600509
600512
600515
600521
600522
600526
600528
600536
600550
600558
600562
600565
600569
600571
600583
600584
600598
600602
600604
600611
600612
600618
600624
600635
600642
600644
600645
600651
600657
600665
600668
600671
600676
600683
600685
600690
600695
600697
600704
600705
600712
600719
600721
600724
600736
600740
600743
600745
600748
600759
600768
600791
600792
600803
600805
600807
600810
600814
600821
600823
600824
600863
600865
600867
600868
600869
600875
600883
600885
600901
600905
600935
600969
600971
600990
600992
601002
601012
601016
601020
601028
601177
601188
601198
601200
601208
601311
601333
601388
601518
601588
601607
601608
601669
601699
601717
601789
601800
601816
601827
601869
601886
601898
601918
601968
601985
601988
601991
601992
603002
603015
603028
603058
603068
603076
603079
603085
603087
603109
603116
603127
603129
603139
603157
603158
603160
603183
603188
603199
603228
603233
603239
603277
603286
603288
603319
603321
603332
603345
603348
603360
603366
603386
603399
603456
603458
603477
603488
603507
603519
603535
603538
603590
603595
603600
603601
603603
603609
603613
603618
603630
603636
603638
603655
603658
603667
603686
603689
603690
603698
603708
603739
603766
603808
603815
603817
603823
603856
603861
603878
603879
603880
603886
603897
603931
603950
603959
603960
603966
603968
603978
603990
603996
605009
605018
605028
605033
605058
605060
605086
605111
605116
605122
605158
605222
605258
605259
605298
605389
605398
688012
688013
688023
688025
688026
688028
688036
688038
688050
688071
688080
688096
688097
688101
688105
688106
688118
688129
688135
688156
688157
688159
688162
688178
688187
688198
688202
688215
688216
688221
688260
688266
688277
688301
688305
688321
688338
688355
688356
688358
688359
688383
688385
688393
688456
688505
688510
688511
688553
688555
688557
688559
688565
688578
688601
688613
688626
688636
688655
688660
688663
688665
688679
688681
688687
688689
688698
688699
688707
688711
688718
688733
688739
688778
688788
688789
688799
688800
688819
