000004
000050
000156
000166
000638
000725
000783
000820
000823
000868
000919
000921
000925
002008
002020
002035
002059
002104
002106
002107
002127
002130
002138
002148
002150
002152
002158
002168
002181
002199
002258
002292
002313
002329
002332
002367
002371
002388
002390
002392
002402
002404
002416
002421
002508
002517
002582
002583
002589
002624
002651
002696
002721
002736
002762
002779
002855
002869
002916
002952
002960
002987
003001
003021
003043
300027
300031
300047
300074
300076
300102
300103
300134
300148
300166
300175
300192
300201
300205
300211
300236
300242
300251
300263
300269
300274
300301
300329
300346
300349
300366
300371
300373
300375
300379
300380
300383
300392
300413
300448
300461
300468
300493
300511
300519
300546
300551
300558
300570
300579
300615
300623
300634
300659
300686
300708
300730
300737
300747
300750
300756
300762
300763
300773
300790
300796
300798
300803
300885
300927
300996
301004
301015
301017
301088
301111
600070
600076
600158
600171
600246
600310
600360
600409
600410
600470
600498
600520
600536
600549
600556
600577
600584
600588
600594
600609
600641
600679
600681
600705
600710
600728
600766
600797
600816
600825
600845
600896
600900
600918
600959
601019
601066
601113
601166
601179
601198
601377
601609
601669
601688
601689
601901
601928
601990
603003
603012
603015
603018
603021
603036
603042
603093
603096
603103
603183
603214
603221
603353
603365
603367
603379
603466
603528
603529
603555
603558
603559
603565
603587
603636
603679
603739
603826
603896
603917
603950
605155
605338
605398
688001
688008
688019
688033
688063
688088
688092
688117
688187
688195
688216
688221
688258
688289
688309
688313
688333
688336
688365
688385
688521
688528
688529
688585
688609
688618
688655
688659
688682
688728
