000004
000007
000009
000050
000153
000156
000166
000333
000401
000403
000410
000488
000519
000526
000539
000541
000543
000548
000550
000555
000576
000590
000613
000615
000619
000637
000638
000650
000681
000708
000710
000725
000756
000783
000801
000803
000820
000823
000848
000868
000900
000911
000917
000919
000921
000925
000930
000936
000969
000970
000971
000978
000988
000996
000997
001872
002008
002015
002020
002023
002027
002035
002039
002049
002059
002060
002065
002066
002078
002104
002106
002107
002117
002119
002122
002127
002130
002132
002134
002138
002148
002150
002152
002158
002167
002168
002181
002185
002187
002189
002190
002191
002199
002223
002225
002229
002233
002235
002246
002258
002259
002268
002272
002282
002284
002286
002290
002292
002295
002297
002306
002308
002313
002329
002332
002337
002339
002344
002351
002356
002367
002371
002380
002388
002390
002392
002395
002402
002404
002416
002421
002427
002453
002459
002465
002484
002488
002500
002508
002511
002517
002519
002551
002555
002561
002570
002574
002582
002583
002589
002597
002624
002646
002651
002660
002670
002678
002687
002693
002696
002699
002713
002721
002736
002743
002746
002762
002771
002779
002790
002796
002809
002847
002848
002855
002859
002864
002865
002866
002869
002900
002905
002907
002916
002917
002921
002930
002938
002940
002946
002948
002952
002960
002968
002980
002987
002996
003001
003004
003009
003011
003016
003019
003021
003038
003043
300002
300010
300014
300016
300027
300031
300032
300039
300044
300047
300052
300054
300058
300074
300076
300086
300097
300098
300102
300103
300111
300112
300121
300134
300148
300159
300164
300166
300175
300182
300185
300187
300192
300194
300201
300204
300205
300211
300227
300229
300235
300236
300241
300242
300251
300252
300260
300263
300266
300269
300274
300275
300292
300301
300309
300327
300329
300331
300346
300349
300352
300358
300359
300364
300366
300371
300373
300375
300378
300379
300380
300383
300389
300392
300413
300418
300419
300424
300426
300429
300448
300449
300461
300464
300465
300467
300468
300469
300470
300476
300490
300493
300494
300511
300517
300519
300537
300541
300542
300546
300547
300549
300551
300552
300558
300565
300570
300571
300577
300579
300583
300588
300597
300601
300615
300617
300620
300623
300633
300634
300637
300640
300647
300648
300655
300656
300659
300667
300675
300678
300682
300683
300685
300686
300691
300698
300706
300708
300710
300719
300725
300730
300735
300737
300740
300747
300748
300750
300752
300756
300762
300763
300765
300773
300780
300789
300790
300796
300798
300803
300810
300818
300819
300842
300843
300851
300852
300875
300878
300885
300902
300913
300925
300927
300928
300937
300945
300967
300973
300979
300981
300984
300994
300996
301004
301015
301017
301039
301047
301050
301051
301065
301088
301111
301138
301188
600006
600018
600031
600053
600055
600066
600070
600071
600076
600101
600137
600143
600155
600156
600158
600171
600187
600189
600206
600230
600237
600246
600262
600271
600303
600309
600310
600315
600330
600360
600365
600381
600382
600391
600392
600409
600410
600422
600444
600459
600460
600470
600480
600486
600489
600490
600493
600496
600498
600516
600520
600527
600531
600536
600547
600549
600556
600561
600562
600567
600570
600573
600577
600579
600584
600588
600594
600599
600609
600610
600624
600636
600641
600643
600667
600679
600681
600705
600706
600710
600728
600742
600766
600777
600790
600797
600801
600804
600816
600825
600826
600830
600834
600841
600843
600845
600876
600896
600900
600909
600918
600959
600961
600979
601006
601019
601058
601066
601108
601113
601127
601166
601179
601198
601216
601288
601298
601319
601328
601369
601375
601377
601398
601577
601609
601666
601669
601688
601689
601777
601818
601828
601901
601908
601928
601958
601966
601990
603003
603012
603015
603018
603021
603028
603032
603036
603040
603042
603050
603077
603090
603093
603095
603096
603103
603112
603113
603155
603165
603183
603192
603214
603221
603232
603278
603306
603319
603338
603351
603353
603365
603366
603367
603378
603379
603429
603466
603496
603499
603501
603506
603507
603520
603528
603529
603555
603558
603559
603565
603568
603579
603580
603587
603598
603611
603613
603628
603633
603636
603650
603660
603679
603728
603730
603738
603739
603801
603825
603826
603896
603897
603917
603918
603931
603950
603955
603982
603988
605006
605018
605155
605183
605186
605198
605338
605376
605398
605577
605589
688001
688008
688009
688010
688019
688027
688033
688055
688063
688065
688075
688079
688082
688083
688087
688088
688092
688098
688107
688117
688160
688186
688187
688195
688196
688199
688201
688216
688221
688239
688258
688288
688289
688298
688299
688301
688309
688313
688317
688329
688333
688336
688338
688339
688355
688356
688365
688385
688390
688488
688518
688519
688521
688528
688529
688533
688556
688565
688567
688568
688575
688577
688585
688589
688599
688609
688611
688616
688618
688622
688655
688659
688667
688670
688677
688679
688682
688700
688728
688786
