000011
000404
000513
000534
000597
000619
000627
000715
000790
000799
000831
000880
000895
000903
000927
000951
000990
001212
002001
002031
002051
002052
002107
002120
002215
002234
002287
002290
002293
002307
002433
002435
002438
002472
002516
002550
002593
002644
002657
002662
002820
002826
002907
002999
300006
300016
300030
300033
300179
300181
300198
300206
300212
300247
300255
300289
300340
300434
300436
300470
300519
300542
300567
300642
300649
300752
300767
300796
300826
301058
600035
600048
600155
600177
600267
600279
600329
600380
600399
600535
600602
600628
600663
600693
600694
600712
600713
600750
600773
600789
600843
600887
600901
600908
601002
601188
601677
601800
601881
603012
603059
603100
603110
603183
603199
603324
603387
603568
603595
603607
603648
603676
603680
603717
603803
603811
603843
603880
603956
603958
605001
605016
605033
605167
605298
688098
688323
688338
688399
688557
688566
688608
