000060
000166
000301
000505
000607
000733
000735
000737
000798
000810
000819
000837
000878
000932
000933
000951
001202
002011
002099
002114
002130
002174
002179
002248
002258
002274
002345
002349
002385
002406
002423
002434
002436
002453
002467
002507
002550
002559
002599
002665
002712
002740
002759
002768
002771
002868
002883
002933
300025
300034
300055
300095
300112
300114
300161
300173
300232
300250
300263
300288
300299
300328
300333
300342
300344
300346
300353
300364
300393
300394
300462
300467
300503
300508
300554
300637
300661
300687
300721
300756
300763
300768
300780
300792
300795
300808
300818
300821
300822
300844
300846
300919
300929
300936
300939
300965
300973
301001
301006
301019
301020
301043
600053
600075
600097
600157
600179
600243
600285
600295
600352
600354
600362
600455
600496
600519
600559
600566
600598
600618
600640
600662
600688
600844
600857
600873
600893
600903
600928
601155
601168
601216
601229
601686
601808
601882
601898
601952
603013
603035
603038
603081
603095
603098
603108
603138
603177
603180
603218
603258
603279
603297
603322
603353
603367
603528
603583
603596
603600
603693
603739
603776
603848
603879
603889
603995
605259
605296
605507
605588
688026
688065
688067
688182
688188
688219
688269
688360
688557
688577
688622
688628
