000004
000045
000062
000090
000404
000421
000430
000558
000616
000728
000738
000768
000792
000829
000877
000920
000930
000969
000988
002032
002044
002049
002084
002094
002111
002115
002152
002156
002181
002203
002276
002281
002329
002339
002342
002346
002361
002396
002411
002415
002430
002457
002485
002492
002494
002500
002524
002539
002543
002652
002690
002694
002705
002727
002742
002747
002753
002756
002779
002812
002819
002853
002867
002888
002889
002897
002923
002932
002961
002989
003017
003020
003029
300005
300034
300051
300096
300114
300121
300174
300196
300229
300230
300244
300259
300300
300319
300347
300439
300446
300453
300463
300465
300493
300501
300546
300557
300597
300599
300607
300616
300625
300639
300640
300648
300668
300708
300715
300725
300726
300735
300753
300757
300777
300792
300813
300818
300869
300871
300887
300892
300898
300927
300942
300981
300991
301021
301073
301087
301093
600026
600155
600184
600229
600301
600316
600346
600369
600389
600499
600529
600562
600706
600728
600857
600879
600990
601028
601108
601233
601456
601686
601928
601999
603087
603093
603096
603099
603103
603115
603127
603160
603178
603214
603225
603321
603326
603330
603345
603387
603416
603486
603508
603606
603696
603700
603706
603716
603777
603860
603882
603890
603900
603909
603929
603955
603985
605338
605366
688010
688016
688057
688065
688068
688079
688086
688089
688093
688112
688113
688127
688138
688156
688161
688165
688202
688218
688230
688256
688289
688299
688319
688323
688336
688367
688559
688607
688618
688656
688680
688733
688788
