000006
000009
000021
000029
000031
000036
000037
000038
000039
000040
000042
000045
000050
000061
000063
000065
000151
000155
000158
000166
000301
000403
000415
000420
000423
000426
000505
000509
000533
000546
000548
000551
000553
000566
000567
000576
000597
000619
000627
000628
000630
000656
000661
000667
000681
000685
000688
000720
000726
000732
000738
000750
000751
000758
000776
000782
000789
000800
000823
000833
000861
000875
000881
000886
000897
000901
000908
000911
000919
000930
000935
000936
000949
000957
000958
000970
000978
000982
000997
000998
001206
001207
001209
001210
001213
001219
002005
002009
002012
002019
002026
002033
002039
002041
002053
002060
002061
002063
002066
002068
002096
002101
002102
002103
002104
002106
002115
002118
002119
002125
002129
002130
002145
002146
002154
002158
002174
002177
002182
002194
002195
002196
002208
002212
002214
002222
002233
002234
002235
002241
002250
002254
002261
002265
002273
002276
002280
002282
002292
002308
002318
002324
002330
002334
002335
002339
002344
002348
002351
002364
002370
002376
002378
002391
002395
002398
002403
002408
002411
002419
002433
002435
002442
002461
002463
002464
002473
002476
002478
002502
002503
002505
002510
002514
002517
002518
002527
002532
002537
002538
002540
002542
002560
002565
002576
002577
002579
002590
002597
002598
002602
002608
002610
002611
002615
002617
002636
002637
002644
002649
002666
002669
002679
002683
002684
002687
002688
002690
002713
002724
002729
002734
002741
002742
002745
002746
002758
002759
002773
002785
002795
002802
002807
002808
002810
002827
002831
002832
002839
002843
002845
002847
002848
002862
002870
002871
002882
002910
002915
002916
002927
002931
002932
002938
002953
002957
002967
002993
003015
003026
003029
003040
003041
300001
300005
300007
300009
300010
300014
300016
300027
300042
300044
300052
300055
300061
300062
300071
300083
300084
300088
300099
300106
300116
300119
300121
300124
300129
300130
300134
300136
300141
300159
300164
300169
300181
300185
300202
300207
300215
300221
300223
300237
300238
300240
300252
300258
300270
300280
300285
300286
300291
300298
300301
300304
300305
300309
300318
300319
300326
300339
300346
300350
300351
300352
300359
300370
300379
300386
300391
300401
300404
300411
300420
300430
300432
300449
300457
300465
300467
300476
300480
300482
300484
300485
300490
300491
300498
300500
300510
300513
300525
300526
300527
300529
300541
300552
300555
300557
300562
300563
300566
300571
300583
300589
300591
300598
300599
300627
300629
300632
300643
300649
300654
300657
300658
300661
300666
300677
300678
300683
300693
300702
300703
300706
300712
300718
300721
300722
300723
300727
300739
300742
300747
300751
300755
300763
300773
300777
300783
300789
300790
300792
300793
300801
300806
300821
300822
300827
300830
300836
300853
300861
300872
300888
300891
300901
300902
300903
300913
300921
300922
300928
300931
300935
300940
300941
300951
300952
300962
300967
300980
300983
300988
300991
300996
301005
301009
301012
301018
301021
301022
301029
301035
301036
301042
301050
301075
301078
600000
600025
600032
600036
600050
600054
600061
600062
600077
600082
600089
600091
600096
600098
600113
600125
600128
600130
600143
600149
600155
600157
600161
600162
600170
600171
600186
600196
600200
600206
600211
600227
600236
600246
600259
600268
600269
600277
600278
600280
600300
600319
600320
600329
600331
600332
600343
600352
600358
600359
600378
600379
600386
600391
600392
600400
600405
600436
600444
600446
600448
600449
600470
600475
600478
600493
600497
600501
600503
600505
600509
600510
600513
600519
600520
600523
600533
600538
600547
600549
600550
600559
600562
600579
600580
600584
600601
600606
600618
600621
600622
600624
600639
600643
600649
600653
600657
600667
600668
600673
600675
600676
600678
600682
600686
600708
600725
600738
600746
600753
600760
600765
600771
600774
600787
600789
600790
600797
600814
600819
600820
600826
600828
600834
600841
600843
600848
600859
600862
600863
600867
600869
600879
600880
600883
600901
600908
600919
600928
600929
600968
600980
600993
601016
601038
601069
601106
601128
601138
601162
601179
601186
601229
601258
601311
601318
601333
601360
601390
601618
601668
601677
601700
601718
601766
601777
601778
601800
601811
601816
601877
601881
601908
601933
601966
601968
601989
601997
603003
603006
603025
603026
603079
603101
603116
603123
603126
603133
603155
603171
603192
603228
603239
603256
603267
603269
603297
603321
603328
603330
603357
603359
603367
603379
603439
603444
603488
603508
603517
603530
603556
603579
603590
603595
603596
603601
603611
603613
603633
603666
603667
603676
603678
603679
603685
603690
603693
603728
603730
603778
603779
603787
603790
603798
603825
603848
603858
603861
603882
603887
603919
603922
603931
603958
603966
603977
603993
605008
605086
605111
605123
605162
605177
605186
605266
605287
605296
605305
605319
605333
605388
605389
605566
605589
688001
688003
688005
688006
688010
688012
688027
688028
688057
688063
688068
688070
688077
688085
688088
688091
688113
688129
688138
688155
688168
688177
688181
688185
688191
688199
688200
688201
688208
688216
688229
688230
688258
688272
688285
688311
688321
688333
688365
688378
688390
688395
688456
688508
688513
688590
688606
688611
688617
688621
688626
688660
688676
688685
688689
688699
688701
688766
688786
688788
688798
688799
688819
