000066
000070
000559
000581
000596
000632
000738
000751
000798
000833
000902
000929
000930
000959
000977
002014
002016
002065
002085
002112
002124
002139
002153
002195
002209
002230
002273
002298
002351
002353
002385
002446
002468
002485
002564
002624
002633
002642
002703
002718
002808
002821
002835
002869
002938
002945
003003
300059
300071
300124
300168
300214
300223
300302
300307
300418
300425
300490
300669
300698
300736
300833
300871
300911
301020
301040
600088
600099
600100
600108
600131
600155
600183
600217
600299
600398
600422
600429
600438
600458
600522
600536
600547
600551
600602
600608
600645
600685
600710
600739
600746
600759
600761
600809
600812
600827
600845
600855
600864
600887
600905
600909
600918
600960
600975
600988
600999
601066
601158
601162
601163
601211
601218
601236
601238
601456
601519
601696
601952
601968
601990
601995
601999
603000
603022
603025
603188
603189
603228
603259
603444
603566
603583
603587
603617
603619
603636
603655
603686
603693
603797
603860
603936
603963
603988
688007
688008
688023
688051
688065
688111
688126
688310
688333
