000001
000010
000029
000030
000058
000062
000069
000151
000338
000430
000498
000528
000551
000557
000563
000570
000573
000582
000587
000601
000607
000619
000635
000639
000651
000663
000668
000671
000673
000686
000723
000725
000726
000785
000812
000821
000848
000860
000895
000898
000899
000900
000902
000917
000918
000923
000926
000928
000951
000983
000990
000995
001201
001203
001218
001914
001979
002024
002042
002051
002081
002094
002098
002127
002134
002147
002176
002180
002187
002222
002239
002240
002244
002249
002276
002281
002282
002284
002289
002291
002292
002327
002330
002343
002375
002395
002410
002420
002430
002462
002491
002512
002516
002560
002562
002571
002597
002608
002614
002616
002635
002637
002638
002655
002674
002692
002702
002712
002724
002733
002735
002739
002742
002746
002763
002782
002795
002797
002818
002823
002841
002853
002858
002861
002892
002893
002898
002906
002925
002926
002939
002951
002966
002972
002973
002995
003010
003028
003037
003041
300007
300010
300021
300025
300032
300074
300083
300089
300098
300113
300115
300132
300133
300148
300152
300164
300174
300221
300227
300240
300263
300266
300283
300284
300307
300327
300332
300337
300344
300346
300355
300365
300382
300392
300398
300414
300427
300429
300441
300461
300467
300478
300480
300493
300502
300505
300570
300571
300614
300638
300640
300666
300758
300765
300788
300789
300801
300803
300815
300819
300830
300837
300839
300840
300848
300853
300858
300864
300867
300871
300877
300879
300905
300906
300908
300909
300918
300923
300929
300935
300940
300948
300952
300961
300985
300992
300995
300996
300997
301020
301024
301027
301029
301032
301037
301049
301051
301053
301057
301058
301067
301086
301129
600004
600009
600011
600019
600021
600028
600029
600030
600035
600039
600048
600061
600085
600094
600105
600107
600123
600132
600136
600153
600155
600156
600163
600167
600171
600188
600209
600230
600241
600262
600266
600282
600300
600307
600310
600380
600381
600383
600403
600409
600415
600419
600429
600444
600467
600500
600507
600510
600540
600570
600604
600616
600622
600638
600642
600650
600662
600664
600671
600674
600715
600739
600740
600745
600759
600812
600816
600843
600857
600863
600864
600871
600876
600882
600884
600885
600886
600909
600917
600919
600958
600962
600966
600971
600975
600985
600989
600999
601015
601028
601038
601066
601088
601101
601108
601113
601118
601156
601166
601177
601225
601236
601288
601298
601318
601328
601336
601377
601390
601456
601518
601579
601658
601699
601788
601857
601869
601877
601878
601898
601928
601949
601963
601985
601995
603017
603020
603022
603037
603039
603048
603068
603099
603116
603121
603133
603160
603161
603196
603200
603203
603256
603288
603388
603533
603612
603630
603690
603696
603700
603707
603711
603779
603798
603838
603876
603895
603901
603949
603959
603986
603999
605009
605056
605068
605086
605108
605167
605168
605208
605228
605255
605300
605303
605336
605338
605566
688009
688013
688025
688057
688063
688066
688081
688083
688156
688159
688190
688383
688516
688555
688669
688682
688711
688766
688788
